  0.0000000e+000  1.2000000e+005  0.0000000e+000  0.0000000e+000  0.0000000e+000
  2.0000000e+001  1.2000000e+006  0.0000000e+000  0.0000000e+000  1.1919282e+002
  4.0000000e+001  1.2000000e+006  0.0000000e+000  0.0000000e+000  1.4982302e+002
  6.0000000e+001  1.2000000e+006  0.0000000e+000  0.0000000e+000  1.5001191e+002
  8.0000000e+001  1.2000000e+006  0.0000000e+000  0.0000000e+000  1.5000027e+002
  1.0000000e+002  1.2000000e+006  0.0000000e+000  0.0000000e+000  1.4999969e+002
  1.2000000e+002  1.2000000e+006  0.0000000e+000  0.0000000e+000  1.4999966e+002
  1.4000000e+002  1.2000000e+006  0.0000000e+000  0.0000000e+000  1.4999961e+002
  1.6000000e+002  1.2000000e+006  0.0000000e+000  0.0000000e+000  1.4999955e+002
  1.8000000e+002  1.2000000e+006  0.0000000e+000  0.0000000e+000  1.4999949e+002
  2.0000000e+002  1.2000000e+006  0.0000000e+000  0.0000000e+000  1.4999943e+002
  2.2000000e+002  1.2000000e+006  0.0000000e+000  0.0000000e+000  1.4999936e+002
  2.4000000e+002  1.2000000e+006  0.0000000e+000  0.0000000e+000  1.4999930e+002
  2.6000000e+002  1.2000000e+006  0.0000000e+000  0.0000000e+000  1.4999924e+002
  2.8000000e+002  1.2000000e+006  0.0000000e+000  0.0000000e+000  1.4999917e+002
  3.0000000e+002  1.2000000e+006  0.0000000e+000  0.0000000e+000  1.4999910e+002
  3.2000000e+002  1.2000000e+006  0.0000000e+000  0.0000000e+000  1.4999903e+002
  3.4000000e+002  1.2000000e+006  0.0000000e+000  0.0000000e+000  1.4999896e+002
  3.6000000e+002  1.2000000e+006  0.0000000e+000  0.0000000e+000  1.4999889e+002
  3.8000000e+002  1.2000000e+006  0.0000000e+000  0.0000000e+000  1.4999881e+002
  4.0000000e+002  1.2000000e+006  0.0000000e+000  0.0000000e+000  1.4999873e+002
  4.2000000e+002  1.2000000e+006  0.0000000e+000  0.0000000e+000  1.4999865e+002
  4.4000000e+002  1.2000000e+006  0.0000000e+000  0.0000000e+000  1.4999857e+002
  4.6000000e+002  1.2000000e+006  0.0000000e+000  0.0000000e+000  1.4999848e+002
  4.8000000e+002  1.2000000e+006  0.0000000e+000  0.0000000e+000  1.4999839e+002
  5.0000000e+002  1.2000000e+006  0.0000000e+000  0.0000000e+000  1.4999830e+002
  5.2000000e+002  9.0435402e+005  0.0000000e+000  0.0000000e+000  1.4983411e+002
  5.4000000e+002  6.5626748e+005  0.0000000e+000  0.0000000e+000  1.4996996e+002
  5.6000000e+002  5.8469155e+005  0.0000000e+000  0.0000000e+000  1.4997205e+002
  5.8000000e+002  5.2508254e+005  0.0000000e+000  0.0000000e+000  1.4997093e+002
  6.0000000e+002  4.7407324e+005  0.0000000e+000  0.0000000e+000  1.4996979e+002
  6.2000000e+002  4.3005515e+005  0.0000000e+000  0.0000000e+000  1.4996862e+002
  6.4000000e+002  3.9179269e+005  0.0000000e+000  0.0000000e+000  1.4996743e+002
  6.6000000e+002  3.5831833e+005  0.0000000e+000  0.0000000e+000  1.4996621e+002
  6.8000000e+002  3.2886342e+005  0.0000000e+000  0.0000000e+000  1.4996498e+002
  7.0000000e+002  3.0280977e+005  0.0000000e+000  0.0000000e+000  1.4996372e+002
  7.2000000e+002  3.0064308e+005  0.0000000e+000  0.0000000e+000  1.4999438e+002
  7.4000000e+002  2.9981065e+005  0.0000000e+000  0.0000000e+000  1.4999421e+002
  7.6000000e+002  2.9898535e+005  0.0000000e+000  0.0000000e+000  1.4999396e+002
  7.8000000e+002  2.9816724e+005  0.0000000e+000  0.0000000e+000  1.4999370e+002
  8.0000000e+002  2.9735634e+005  0.0000000e+000  0.0000000e+000  1.4999342e+002
  8.2000000e+002  2.9655266e+005  0.0000000e+000  0.0000000e+000  1.4999313e+002
  8.4000000e+002  2.9575622e+005  0.0000000e+000  0.0000000e+000  1.4999282e+002
  8.6000000e+002  2.9496701e+005  0.0000000e+000  0.0000000e+000  1.4999249e+002
  8.8000000e+002  2.9418504e+005  0.0000000e+000  0.0000000e+000  1.4999214e+002
  9.0000000e+002  2.9341029e+005  0.0000000e+000  0.0000000e+000  1.4999177e+002
  9.2000000e+002  2.9264276e+005  0.0000000e+000  0.0000000e+000  1.4999137e+002
  9.4000000e+002  2.9188243e+005  0.0000000e+000  0.0000000e+000  1.4999095e+002
  9.6000000e+002  2.9112930e+005  0.0000000e+000  0.0000000e+000  1.4999050e+002
  9.8000000e+002  2.9038333e+005  0.0000000e+000  0.0000000e+000  1.4999001e+002
  1.0000000e+003  2.8964450e+005  0.0000000e+000  0.0000000e+000  1.4998949e+002
  1.0200000e+003  2.3184634e+005  0.0000000e+000  0.0000000e+000  1.4987624e+002
  1.0400000e+003  1.9003102e+005  0.0000000e+000  0.0000000e+000  1.4987889e+002
  1.0600000e+003  1.6210584e+005  0.0000000e+000  0.0000000e+000  1.4989062e+002
  1.0800000e+003  1.4408880e+005  0.0000000e+000  0.0000000e+000  1.4991084e+002
  1.1000000e+003  1.3350685e+005  0.0000000e+000  0.0000000e+000  1.4993803e+002
  1.1200000e+003  1.2895928e+005  0.0000000e+000  0.0000000e+000  1.4996977e+002
  1.1400000e+003  1.2985199e+005  4.9251453e-002  0.0000000e+000  1.5000311e+002
  1.1600000e+003  1.3627823e+005  5.0000000e-002  0.0000000e+000  1.5003492e+002
  1.1800000e+003  1.4902387e+005  5.0000000e-002  0.0000000e+000  1.5006227e+002
  1.2000000e+003  1.6968658e+005  5.0000000e-002  0.0000000e+000  1.5008277e+002
  1.2200000e+003  2.0089534e+005  5.0000000e-002  0.0000000e+000  1.5009489e+002
  1.2400000e+003  2.4656817e+005  5.0000000e-002  0.0000000e+000  1.5009811e+002
  1.2600000e+003  3.1198575e+005  5.0000000e-002  0.0000000e+000  1.5009294e+002
  1.2800000e+003  4.0310299e+005  5.0000000e-002  0.0000000e+000  1.5008083e+002
  1.3000000e+003  5.2404307e+005  5.0000000e-002  0.0000000e+000  1.5006384e+002
  1.3200000e+003  6.7180530e+005  5.0000000e-002  0.0000000e+000  1.5004416e+002
  1.3400000e+003  8.2922560e+005  5.0000000e-002  0.0000000e+000  1.5002339e+002
  1.3600000e+003  9.6124321e+005  5.0000000e-002  0.0000000e+000  1.5000194e+002
  1.3800000e+003  1.0220925e+006  5.0000000e-002  0.0000000e+000  1.4997866e+002
  1.4000000e+003  9.7774855e+005  5.0000000e-002  0.0000000e+000  1.4995117e+002
  1.4200000e+003  8.3593267e+005  5.0000000e-002  0.0000000e+000  1.4991802e+002
  1.4400000e+003  6.5307256e+005  5.0000000e-002  0.0000000e+000  1.4988298e+002
  1.4600000e+003  4.8936243e+005  5.0000000e-002  0.0000000e+000  1.4985247e+002
  1.4800000e+003  3.6649749e+005  5.0000000e-002  0.0000000e+000  1.4982835e+002
  1.5000000e+003  2.8035032e+005  5.0000000e-002  0.0000000e+000  1.4981164e+002
  1.5200000e+003  2.2139574e+005  5.0000000e-002  0.0000000e+000  1.4980422e+002
  1.5400000e+003  1.8010876e+005  5.0000000e-002  0.0000000e+000  1.4861339e+002
  1.5600000e+003  1.5789554e+005  5.0000000e-002  0.0000000e+000  1.5295631e+002
  1.5800000e+003  1.3759118e+005  5.0000000e-002  0.0000000e+000  1.4980288e+002
  1.6000000e+003  1.2751354e+005  5.0000000e-002  0.0000000e+000  1.4984954e+002
  1.6200000e+003  1.2320223e+005  5.0000000e-002  0.0000000e+000  1.4990465e+002
  1.6400000e+003  1.2409268e+005  5.0000000e-002  0.0000000e+000  1.4996381e+002
  1.6600000e+003  1.3027906e+005  5.0000000e-002  0.0000000e+000  1.5002331e+002
  1.6800000e+003  1.4251961e+005  5.0000000e-002  0.0000000e+000  1.5007940e+002
  1.7000000e+003  1.6235238e+005  5.0000000e-002  0.0000000e+000  1.5012853e+002
  1.7200000e+003  1.9230854e+005  5.0000000e-002  0.0000000e+000  1.5016759e+002
  1.7400000e+003  2.3616436e+005  5.0000000e-002  0.0000000e+000  1.5019419e+002
  1.7600000e+003  2.9901997e+005  5.0000000e-002  0.0000000e+000  1.5020694e+002
  1.7800000e+003  3.8664759e+005  5.0000000e-002  0.0000000e+000  1.5020579e+002
  1.8000000e+003  5.0645769e+005  5.0000000e-002  0.0000000e+000  1.5173196e+002
  1.8200000e+003  6.6251081e+005  5.0000000e-002  0.0000000e+000  1.5516641e+002
  1.8400000e+003  7.6217754e+005  5.0000000e-002  0.0000000e+000  1.4922430e+002
  1.8600000e+003  9.2265121e+005  5.0000000e-002  0.0000000e+000  1.5007776e+002
  1.8800000e+003  9.8161992e+005  5.0000000e-002  0.0000000e+000  1.5004810e+002
  1.9000000e+003  9.3778771e+005  5.0000000e-002  0.0000000e+000  1.5001787e+002
  1.9200000e+003  8.0069707e+005  5.0000000e-002  0.0000000e+000  1.4998381e+002
  1.9400000e+003  6.2537172e+005  5.0000000e-002  0.0000000e+000  1.4995123e+002
  1.9600000e+003  4.6887247e+005  5.0000000e-002  0.0000000e+000  1.4992635e+002
  1.9800000e+003  3.5136551e+005  5.0000000e-002  0.0000000e+000  1.4990950e+002
  2.0000000e+003  2.6889946e+005  5.0000000e-002  0.0000000e+000  1.4990042e+002
  2.0200000e+003  2.1243025e+005  5.0000000e-002  0.0000000e+000  1.4989993e+002
  2.0400000e+003  1.7418646e+005  5.0000000e-002  0.0000000e+000  1.4990874e+002
  2.0600000e+003  1.4805151e+005  5.0000000e-002  0.0000000e+000  1.4930678e+002
  2.0800000e+003  1.3119613e+005  5.0000000e-002  0.0000000e+000  1.4882261e+002
  2.1000000e+003  1.2139315e+005  5.0000000e-002  0.0000000e+000  1.4859251e+002
  2.1200000e+003  1.1841682e+005  5.0000000e-002  0.0000000e+000  1.5004851e+002
  2.1400000e+003  1.1928529e+005  5.0000000e-002  0.0000000e+000  1.5007862e+002
  2.1600000e+003  1.2526392e+005  5.0000000e-002  0.0000000e+000  1.5012557e+002
  2.1800000e+003  1.3873995e+005  5.0000000e-002  0.0000000e+000  1.5209491e+002
  2.2000000e+003  1.6188345e+005  5.0000000e-002  0.0000000e+000  1.5588407e+002
  2.2200000e+003  1.8428591e+005  5.0000000e-002  0.0000000e+000  1.4898103e+002
  2.2400000e+003  2.2726097e+005  5.0000000e-002  0.0000000e+000  1.5015704e+002
  2.2600000e+003  2.8789320e+005  5.0000000e-002  0.0000000e+000  1.5014027e+002
  2.2800000e+003  3.7251241e+005  5.0000000e-002  0.0000000e+000  1.5012315e+002
  2.3000000e+003  4.8509114e+005  5.0000000e-002  0.0000000e+000  1.5010156e+002
  2.3200000e+003  6.2293271e+005  5.0000000e-002  0.0000000e+000  1.5007843e+002
  2.3400000e+003  7.6989151e+005  5.0000000e-002  0.0000000e+000  1.5005589e+002
  2.3600000e+003  8.9272604e+005  5.0000000e-002  0.0000000e+000  1.5003461e+002
  2.3800000e+003  9.4815864e+005  5.0000000e-002  0.0000000e+000  1.5001367e+002
  2.4000000e+003  9.0484556e+005  5.0000000e-002  0.0000000e+000  1.4999106e+002
  2.4200000e+003  7.7183152e+005  5.0000000e-002  0.0000000e+000  1.4996557e+002
  2.4400000e+003  6.0276711e+005  5.0000000e-002  0.0000000e+000  1.4993988e+002
  2.4600000e+003  4.5215978e+005  5.0000000e-002  0.0000000e+000  1.4991811e+002
  2.4800000e+003  3.3901549e+005  5.0000000e-002  0.0000000e+000  1.4990129e+002
  2.5000000e+003  2.5954835e+005  5.0000000e-002  0.0000000e+000  1.4989032e+002
  2.5200000e+003  2.0510611e+005  5.0000000e-002  0.0000000e+000  1.4988682e+002
  2.5400000e+003  1.6822713e+005  5.0000000e-002  0.0000000e+000  1.4989215e+002
  2.5600000e+003  1.4359821e+005  5.0000000e-002  0.0000000e+000  1.4990681e+002
  2.5800000e+003  1.2772166e+005  5.0000000e-002  0.0000000e+000  1.4993014e+002
  2.6000000e+003  1.1842312e+005  5.0000000e-002  0.0000000e+000  1.4996036e+002
  2.6200000e+003  1.1447322e+005  5.0000000e-002  0.0000000e+000  1.4999481e+002
  2.6400000e+003  1.1535652e+005  5.0000000e-002  0.0000000e+000  1.5003023e+002
  2.6600000e+003  1.2116891e+005  5.0000000e-002  0.0000000e+000  1.5006324e+002
  2.6800000e+003  1.3262603e+005  5.0000000e-002  0.0000000e+000  1.5009069e+002
  2.7000000e+003  1.5117459e+005  5.0000000e-002  0.0000000e+000  1.5011012e+002
  2.7200000e+003  1.7919686e+005  5.0000000e-002  0.0000000e+000  1.5012008e+002
  2.7400000e+003  2.2025593e+005  5.0000000e-002  0.0000000e+000  1.5012036e+002
  2.7600000e+003  2.7918538e+005  5.0000000e-002  0.0000000e+000  1.5011204e+002
  2.7800000e+003  3.6149727e+005  5.0000000e-002  0.0000000e+000  1.5009724e+002
  2.8000000e+003  4.7111527e+005  5.0000000e-002  0.0000000e+000  1.5007870e+002
  2.8200000e+003  6.0545837e+005  5.0000000e-002  0.0000000e+000  1.5005911e+002
  2.8400000e+003  7.4875352e+005  5.0000000e-002  0.0000000e+000  1.5004028e+002
  2.8600000e+003  8.6841693e+005  5.0000000e-002  0.0000000e+000  1.5002266e+002
  2.8800000e+003  9.2205842e+005  5.0000000e-002  0.0000000e+000  1.5000525e+002
  2.9000000e+003  8.7926343e+005  5.0000000e-002  0.0000000e+000  1.4998604e+002
  2.9200000e+003  7.4947159e+005  5.0000000e-002  0.0000000e+000  1.4996370e+002
  2.9400000e+003  5.8527286e+005  5.0000000e-002  0.0000000e+000  1.4994025e+002
  2.9600000e+003  4.3922072e+005  5.0000000e-002  0.0000000e+000  1.4991931e+002
  2.9800000e+003  3.2945347e+005  5.0000000e-002  0.0000000e+000  1.4990224e+002
  3.0000000e+003  2.5231195e+005  5.0000000e-002  0.0000000e+000  1.4989038e+002
  3.0200000e+003  1.9944326e+005  5.0000000e-002  0.0000000e+000  1.4988566e+002
  3.0400000e+003  1.6362443e+005  5.0000000e-002  0.0000000e+000  1.4988971e+002
  3.0600000e+003  1.3970449e+005  5.0000000e-002  0.0000000e+000  1.4990318e+002
  3.0800000e+003  1.2429018e+005  5.0000000e-002  0.0000000e+000  1.4992552e+002
  3.1000000e+003  1.1527182e+005  5.0000000e-002  0.0000000e+000  1.4995499e+002
  3.1200000e+003  1.1145749e+005  5.0000000e-002  0.0000000e+000  1.4998891e+002
  3.1400000e+003  1.1234951e+005  5.0000000e-002  0.0000000e+000  1.5002399e+002
  3.1600000e+003  1.1804561e+005  5.0000000e-002  0.0000000e+000  1.5005676e+002
  3.1800000e+003  1.2924823e+005  5.0000000e-002  0.0000000e+000  1.5008407e+002
  3.2000000e+003  1.4737440e+005  5.0000000e-002  0.0000000e+000  1.5010340e+002
  3.2200000e+003  1.7475742e+005  5.0000000e-002  0.0000000e+000  1.5011334e+002
  3.2400000e+003  2.1488964e+005  5.0000000e-002  0.0000000e+000  1.5011370e+002
  3.2600000e+003  2.7251544e+005  5.0000000e-002  0.0000000e+000  1.5010560e+002
  3.2800000e+003  3.5305874e+005  5.0000000e-002  0.0000000e+000  1.5009122e+002
  3.3000000e+003  4.6040485e+005  5.0000000e-002  0.0000000e+000  1.5007329e+002
  3.3200000e+003  5.9206129e+005  5.0000000e-002  0.0000000e+000  1.5005443e+002
  3.3400000e+003  7.3254326e+005  5.0000000e-002  0.0000000e+000  1.5003641e+002
  3.3600000e+003  8.4977719e+005  5.0000000e-002  0.0000000e+000  1.5001958e+002
  3.3800000e+003  9.0206018e+005  5.0000000e-002  0.0000000e+000  1.5000290e+002
  3.4000000e+003  8.5968991e+005  5.0000000e-002  0.0000000e+000  1.4998435e+002
  3.4200000e+003  7.3239048e+005  5.0000000e-002  0.0000000e+000  1.4996253e+002
  3.4400000e+003  5.7191610e+005  1.8762315e-014  0.0000000e+000  1.4993932e+002
  3.4600000e+003  4.2933750e+005  7.8470779e-032  0.0000000e+000  1.4991821e+002
  3.4800000e+003  3.2214753e+005  3.2819315e-049  0.0000000e+000  1.4990066e+002
  3.5000000e+003  2.4678324e+005  1.3726223e-066  0.0000000e+000  1.4988821e+002
  3.5200000e+003  1.9511806e+005  5.7408026e-084  0.0000000e+000  1.4988294e+002
  3.5400000e+003  1.6011048e+005  2.4010111e-101  0.0000000e+000  1.4988655e+002
  3.5600000e+003  1.3673331e+005  1.0041896e-118  0.0000000e+000  1.4989977e+002
  3.5800000e+003  1.2167311e+005  4.1998837e-136  0.0000000e+000  1.4992207e+002
  3.6000000e+003  1.1286970e+005  1.7565431e-153  0.0000000e+000  1.4995168e+002
  3.6200000e+003  1.0915989e+005  7.3464979e-171  0.0000000e+000  1.4998590e+002
  3.6400000e+003  1.1005968e+005  3.0725709e-188  0.0000000e+000  1.5002137e+002
  3.6600000e+003  1.1566834e+005  1.2850602e-205  0.0000000e+000  1.5005461e+002
  3.6800000e+003  1.2667832e+005  5.3745859e-223  0.0000000e+000  1.5008236e+002
  3.7000000e+003  1.4448419e+005  2.2478460e-240  0.0000000e+000  1.5010213e+002
  3.7200000e+003  1.7138196e+005  9.4013043e-258  0.0000000e+000  1.5011242e+002
  3.7400000e+003  2.1081011e+005  3.9319652e-275  0.0000000e+000  1.5011306e+002
  3.7600000e+003  2.6744486e+005  1.6444899e-292  0.0000000e+000  1.5010514e+002
  3.7800000e+003  3.4664250e+005  6.8778510e-310  0.0000000e+000  1.5009083e+002
  3.8000000e+003  4.5225837e+005  1.9762626e-323  0.0000000e+000  1.5007287e+002
  3.8200000e+003  5.8186711e+005  1.9762626e-323  0.0000000e+000  1.5005388e+002
  3.8400000e+003  7.2020460e+005  1.9762626e-323  0.0000000e+000  1.5003562e+002
  3.8600000e+003  8.3558904e+005  1.9762626e-323  0.0000000e+000  1.5001844e+002
  3.8800000e+003  8.8684475e+005  1.9762626e-323  0.0000000e+000  1.5000126e+002
  3.9000000e+003  8.4481168e+005  1.9762626e-323  0.0000000e+000  1.4998202e+002
  3.9200000e+003  7.1942014e+005  1.9762626e-323  0.0000000e+000  1.4995930e+002
  3.9400000e+003  5.6177586e+005  1.9762626e-323  0.0000000e+000  1.4993514e+002
  3.9600000e+003  4.2183020e+005  1.9762626e-323  0.0000000e+000  1.4991312e+002
  3.9800000e+003  3.1659546e+005  1.9762626e-323  0.0000000e+000  1.4989479e+002
  4.0000000e+003  2.4258111e+005  1.9762626e-323  0.0000000e+000  1.4988176e+002
  4.0200000e+003  1.9183085e+005  1.9762626e-323  0.0000000e+000  1.4987618e+002
  4.0400000e+003  1.5744033e+005  1.9762626e-323  0.0000000e+000  1.4987979e+002
  4.0600000e+003  1.3447620e+005  1.9762626e-323  0.0000000e+000  1.4989329e+002
  4.0800000e+003  1.1968565e+005  1.9762626e-323  0.0000000e+000  1.4991613e+002
  4.1000000e+003  1.1104612e+005  1.9762626e-323  0.0000000e+000  1.4994652e+002
  4.1200000e+003  1.0741631e+005  1.9762626e-323  0.0000000e+000  1.4998169e+002
  4.1400000e+003  1.0832268e+005  1.9762626e-323  0.0000000e+000  1.5001824e+002
  4.1600000e+003  1.1386570e+005  1.9762626e-323  0.0000000e+000  1.5005263e+002
  4.1800000e+003  1.2473037e+005  1.9762626e-323  0.0000000e+000  1.5008156e+002
  4.2000000e+003  1.4229424e+005  1.9762626e-323  0.0000000e+000  1.5010246e+002
  4.2200000e+003  1.6882513e+005  1.9762626e-323  0.0000000e+000  1.5011378e+002
  4.2400000e+003  2.0772056e+005  1.9762626e-323  0.0000000e+000  1.5011522e+002
  4.2600000e+003  2.6360488e+005  1.9762626e-323  0.0000000e+000  1.5010778e+002
  4.2800000e+003  3.4178254e+005  1.9762626e-323  0.0000000e+000  1.5009355e+002
  4.3000000e+003  4.4608536e+005  1.9762626e-323  0.0000000e+000  1.5007519e+002
  4.3200000e+003  5.7413813e+005  1.9762626e-323  0.0000000e+000  1.5005535e+002
  4.3400000e+003  7.1084430e+005  1.9762626e-323  0.0000000e+000  1.5003582e+002
  4.3600000e+003  8.2482096e+005  1.9762626e-323  0.0000000e+000  1.5001699e+002
  4.3800000e+003  8.7529487e+005  1.9762626e-323  0.0000000e+000  1.4999774e+002
  4.4000000e+003  8.3351835e+005  1.9762626e-323  0.0000000e+000  1.4997587e+002
  4.4200000e+003  7.0957431e+005  1.9762626e-323  0.0000000e+000  1.4995006e+002
  4.4400000e+003  5.5407230e+005  1.9762626e-323  0.0000000e+000  1.4992286e+002
  4.4600000e+003  4.1611987e+005  1.9762626e-323  0.0000000e+000  1.4989834e+002
  4.4800000e+003  3.1236827e+005  1.9762626e-323  0.0000000e+000  1.4987815e+002
  4.5000000e+003  2.3937986e+005  1.9762626e-323  0.0000000e+000  1.4986392e+002
  4.5200000e+003  1.8932589e+005  1.9762626e-323  0.0000000e+000  1.4985780e+002
  4.5400000e+003  1.5540552e+005  1.9762626e-323  0.0000000e+000  1.4986148e+002
  4.5600000e+003  1.3275641e+005  1.9762626e-323  0.0000000e+000  1.4987561e+002
  4.5800000e+003  1.1817176e+005  1.9762626e-323  0.0000000e+000  1.4989956e+002
  4.6000000e+003  1.0965763e+005  1.9762626e-323  0.0000000e+000  1.4993145e+002
  4.6200000e+003  1.0608943e+005  1.9762626e-323  0.0000000e+000  1.4996844e+002
  4.6400000e+003  1.0700161e+005  1.9762626e-323  0.0000000e+000  1.5000711e+002
  4.6600000e+003  1.1249570e+005  1.9762626e-323  0.0000000e+000  1.5004384e+002
  4.6800000e+003  1.2325110e+005  1.9762626e-323  0.0000000e+000  1.5007527e+002
  4.7000000e+003  1.4063259e+005  1.9762626e-323  0.0000000e+000  1.5009871e+002
  4.7200000e+003  1.6688663e+005  1.9762626e-323  0.0000000e+000  1.5011242e+002
  4.7400000e+003  2.0537966e+005  1.9762626e-323  0.0000000e+000  1.5011582e+002
  4.7600000e+003  2.6069625e+005  1.9762626e-323  0.0000000e+000  1.5010956e+002
  4.7800000e+003  3.3810056e+005  1.9762626e-323  0.0000000e+000  1.5009535e+002
  4.8000000e+003  4.4140470e+005  1.9762626e-323  0.0000000e+000  1.5007559e+002
  4.8200000e+003  5.6826914e+005  1.9762626e-323  0.0000000e+000  1.5005281e+002
  4.8400000e+003  7.0372264e+005  1.9762626e-323  0.0000000e+000  1.5002890e+002
  4.8600000e+003  8.1660897e+005  1.9762626e-323  0.0000000e+000  1.5000431e+002
  4.8800000e+003  8.6646255e+005  1.9762626e-323  0.0000000e+000  1.4997777e+002
  4.9000000e+003  8.2485311e+005  1.9762626e-323  0.0000000e+000  1.4994680e+002
  4.9200000e+003  7.0198621e+005  1.9762626e-323  0.0000000e+000  1.4991034e+002
  4.9400000e+003  5.4810324e+005  1.9762626e-323  0.0000000e+000  1.4987268e+002
  4.9600000e+003  4.1167293e+005  1.9762626e-323  0.0000000e+000  1.4983964e+002
  4.9800000e+003  3.0906381e+005  1.9762626e-323  0.0000000e+000  1.4981323e+002
  5.0000000e+003  2.3687113e+005  1.9762626e-323  0.0000000e+000  1.4979509e+002
  5.0200000e+003  1.8681160e+005  1.9762626e-323  0.0000000e+000  1.4928304e+002
  5.0400000e+003  1.5156032e+005  1.9762626e-323  0.0000000e+000  1.4753228e+002
  5.0600000e+003  1.3384352e+005  1.9762626e-323  0.0000000e+000  1.5283972e+002
  5.0800000e+003  1.1695127e+005  1.9762626e-323  0.0000000e+000  1.4979210e+002
  5.1000000e+003  1.0855061e+005  1.9762626e-323  0.0000000e+000  1.4984365e+002
  5.1200000e+003  1.0504590e+005  1.9762626e-323  0.0000000e+000  1.4990377e+002
  5.1400000e+003  1.0597882e+005  1.9762626e-323  0.0000000e+000  1.4996792e+002
  5.1600000e+003  1.1145345e+005  1.9762626e-323  0.0000000e+000  1.5003205e+002
  5.1800000e+003  1.2214699e+005  1.9762626e-323  0.0000000e+000  1.5009211e+002
  5.2000000e+003  1.3941691e+005  1.9762626e-323  0.0000000e+000  1.5014431e+002
  5.2200000e+003  1.6549637e+005  1.9762626e-323  0.0000000e+000  1.5018540e+002
  5.2400000e+003  2.0373139e+005  1.9762626e-323  0.0000000e+000  1.5021285e+002
  5.2600000e+003  2.5867913e+005  1.9762626e-323  0.0000000e+000  1.5022525e+002
  5.2800000e+003  3.3557396e+005  1.9762626e-323  0.0000000e+000  1.5022265e+002
  5.3000000e+003  4.3820993e+005  1.9762626e-323  0.0000000e+000  1.5020946e+002
  5.3200000e+003  5.7433713e+005  1.9762626e-323  0.0000000e+000  1.5369256e+002
  5.3400000e+003  7.2370364e+005  1.9762626e-323  0.0000000e+000  1.5678396e+002
  5.3600000e+003  8.0550876e+005  1.9762626e-323  0.0000000e+000  1.5007315e+002
  5.3800000e+003  8.5999081e+005  1.9762626e-323  0.0000000e+000  1.5004847e+002
  5.4000000e+003  8.1871247e+005  1.9762626e-323  0.0000000e+000  1.5001484e+002
  5.4200000e+003  6.9665638e+005  1.9762626e-323  0.0000000e+000  1.4997815e+002
  5.4400000e+003  5.4395708e+005  1.9762626e-323  0.0000000e+000  1.4994372e+002
  5.4600000e+003  4.0862405e+005  1.9762626e-323  0.0000000e+000  1.4991711e+002
  5.4800000e+003  3.0682791e+005  1.9762626e-323  0.0000000e+000  1.4989875e+002
  5.5000000e+003  2.3519389e+005  1.9762626e-323  0.0000000e+000  1.4988885e+002
  5.5200000e+003  1.8605904e+005  1.9762626e-323  0.0000000e+000  1.4988843e+002
  5.5400000e+003  1.5195396e+005  1.9762626e-323  0.0000000e+000  1.4907767e+002
  5.5600000e+003  1.2916087e+005  1.9762626e-323  0.0000000e+000  1.4832072e+002
  5.5800000e+003  1.1700818e+005  1.9762626e-323  0.0000000e+000  1.5083542e+002
  5.6000000e+003  1.0785582e+005  1.9762626e-323  0.0000000e+000  1.4997723e+002
  5.6200000e+003  1.0437709e+005  1.9762626e-323  0.0000000e+000  1.5002981e+002
  5.6400000e+003  1.0530606e+005  1.9762626e-323  0.0000000e+000  1.5008375e+002
  5.6600000e+003  1.1074606e+005  1.9762626e-323  0.0000000e+000  1.5013452e+002
  5.6800000e+003  1.2136987e+005  1.9762626e-323  0.0000000e+000  1.5017810e+002
  5.7000000e+003  1.4104408e+005  1.9762626e-323  0.0000000e+000  1.5308717e+002
  5.7200000e+003  1.7221913e+005  1.9762626e-323  0.0000000e+000  1.5765028e+002
  5.7400000e+003  2.0222378e+005  1.9762626e-323  0.0000000e+000  1.5052409e+002
  5.7600000e+003  2.5688901e+005  5.0000000e-002  0.0000000e+000  1.5015002e+002
  5.7800000e+003  3.3327006e+005  5.0000000e-002  0.0000000e+000  1.5013382e+002
  5.8000000e+003  4.3525729e+005  5.0000000e-002  0.0000000e+000  1.5011012e+002
  5.8200000e+003  5.6056283e+005  5.0000000e-002  0.0000000e+000  1.5008475e+002
  5.8400000e+003  6.9438825e+005  5.0000000e-002  0.0000000e+000  1.5006002e+002
  5.8600000e+003  8.0588385e+005  5.0000000e-002  0.0000000e+000  1.5003671e+002
  5.8800000e+003  8.5499370e+005  5.0000000e-002  0.0000000e+000  1.5001380e+002
  5.9000000e+003  8.1369873e+005  5.0000000e-002  0.0000000e+000  1.4998920e+002
  5.9200000e+003  6.9233482e+005  5.0000000e-002  0.0000000e+000  1.4996185e+002
  5.9400000e+003  5.4061246e+005  5.0000000e-002  0.0000000e+000  1.4993461e+002
  5.9600000e+003  4.0615803e+005  5.0000000e-002  0.0000000e+000  1.4991134e+002
  5.9800000e+003  3.0500415e+005  5.0000000e-002  0.0000000e+000  1.4989317e+002
  6.0000000e+003  2.3381029e+005  5.0000000e-002  0.0000000e+000  1.4988134e+002
  6.0200000e+003  1.8497247e+005  5.0000000e-002  0.0000000e+000  1.4987767e+002
  6.0400000e+003  1.5187184e+005  5.0000000e-002  0.0000000e+000  1.4988362e+002
  6.0600000e+003  1.2977096e+005  5.0000000e-002  0.0000000e+000  1.4989966e+002
  6.0800000e+003  1.1554373e+005  5.0000000e-002  0.0000000e+000  1.4992503e+002
  6.1000000e+003  1.0724641e+005  5.0000000e-002  0.0000000e+000  1.4995779e+002
  6.1200000e+003  1.0378342e+005  5.0000000e-002  0.0000000e+000  1.4999502e+002
  6.1400000e+003  1.0470308e+005  5.0000000e-002  0.0000000e+000  1.5003322e+002
  6.1600000e+003  1.1010836e+005  5.0000000e-002  0.0000000e+000  1.5006876e+002
  6.1800000e+003  1.2066846e+005  5.0000000e-002  0.0000000e+000  1.5009826e+002
  6.2000000e+003  1.3772514e+005  5.0000000e-002  0.0000000e+000  1.5011909e+002
  6.2200000e+003  1.6348680e+005  5.0000000e-002  0.0000000e+000  1.5012971e+002
  6.2400000e+003  2.0126484e+005  5.0000000e-002  0.0000000e+000  1.5012990e+002
  6.2600000e+003  2.5557427e+005  5.0000000e-002  0.0000000e+000  1.5012080e+002
  6.2800000e+003  3.3161048e+005  5.0000000e-002  0.0000000e+000  1.5010472e+002
  6.3000000e+003  4.3315607e+005  5.0000000e-002  0.0000000e+000  1.5008463e+002
  6.3200000e+003  5.5794300e+005  5.0000000e-002  0.0000000e+000  1.5006341e+002
  6.3400000e+003  6.9123129e+005  5.0000000e-002  0.0000000e+000  1.5004303e+002
  6.3600000e+003  8.0227310e+005  5.0000000e-002  0.0000000e+000  1.5002400e+002
  6.3800000e+003  8.5114734e+005  5.0000000e-002  0.0000000e+000  1.5000523e+002
  6.4000000e+003  8.0996876e+005  5.0000000e-002  0.0000000e+000  1.4998463e+002
  6.4200000e+003  6.8911186e+005  5.0000000e-002  0.0000000e+000  1.4996091e+002
  6.4400000e+003  5.3810777e+005  5.0000000e-002  0.0000000e+000  1.4993626e+002
  6.4600000e+003  4.0430700e+005  5.0000000e-002  0.0000000e+000  1.4991414e+002
  6.4800000e+003  3.0363485e+005  5.0000000e-002  0.0000000e+000  1.4989599e+002
  6.5000000e+003  2.3277264e+005  5.0000000e-002  0.0000000e+000  1.4988342e+002
  6.5200000e+003  1.8415920e+005  5.0000000e-002  0.0000000e+000  1.4987852e+002
  6.5400000e+003  1.5120969e+005  5.0000000e-002  0.0000000e+000  1.4988300e+002
  6.5600000e+003  1.2920979e+005  5.0000000e-002  0.0000000e+000  1.4989752e+002
  6.5800000e+003  1.1504832e+005  5.0000000e-002  0.0000000e+000  1.4992143e+002
  6.6000000e+003  1.0679069e+005  5.0000000e-002  0.0000000e+000  1.4995286e+002
  6.6200000e+003  1.0334665e+005  5.0000000e-002  0.0000000e+000  1.4998893e+002
  6.6400000e+003  1.0426697e+005  5.0000000e-002  0.0000000e+000  1.5002617e+002
  6.6600000e+003  1.0965483e+005  5.0000000e-002  0.0000000e+000  1.5006090e+002
  6.6800000e+003  1.2017744e+005  5.0000000e-002  0.0000000e+000  1.5008979e+002
  6.7000000e+003  1.3717222e+005  5.0000000e-002  0.0000000e+000  1.5011020e+002
  6.7200000e+003  1.6284040e+005  5.0000000e-002  0.0000000e+000  1.5012064e+002
  6.7400000e+003  2.0048304e+005  5.0000000e-002  0.0000000e+000  1.5012091e+002
  6.7600000e+003  2.5460215e+005  5.0000000e-002  0.0000000e+000  1.5011220e+002
  6.7800000e+003  3.3038023e+005  5.0000000e-002  0.0000000e+000  1.5009683e+002
  6.8000000e+003  4.3159433e+005  5.0000000e-002  0.0000000e+000  1.5007770e+002
  6.8200000e+003  5.5598976e+005  5.0000000e-002  0.0000000e+000  1.5005762e+002
  6.8400000e+003  6.8886982e+005  5.0000000e-002  0.0000000e+000  1.5003843e+002
  6.8600000e+003  7.9956328e+005  5.0000000e-002  0.0000000e+000  1.5002054e+002
  6.8800000e+003  8.4825135e+005  5.0000000e-002  0.0000000e+000  1.5000285e+002
  6.9000000e+003  8.0715117e+005  5.0000000e-002  0.0000000e+000  1.4998325e+002
  6.9200000e+003  6.8666897e+005  5.0000000e-002  0.0000000e+000  1.4996039e+002
  6.9400000e+003  5.3620353e+005  5.0000000e-002  0.0000000e+000  1.4993625e+002
  6.9600000e+003  4.0289705e+005  5.0000000e-002  0.0000000e+000  1.4991422e+002
  6.9800000e+003  3.0259109e+005  5.0000000e-002  0.0000000e+000  1.4989583e+002
  7.0000000e+003  2.3198180e+005  5.0000000e-002  0.0000000e+000  1.4988282e+002
  7.0200000e+003  1.8353982e+005  5.0000000e-002  0.0000000e+000  1.4987740e+002
  7.0400000e+003  1.5070597e+005  5.0000000e-002  0.0000000e+000  1.4988134e+002
  7.0600000e+003  1.2878347e+005  5.0000000e-002  0.0000000e+000  1.4989536e+002
  7.0800000e+003  1.1467249e+005  5.0000000e-002  0.0000000e+000  1.4991887e+002
  7.1000000e+003  1.0644547e+005  5.0000000e-002  0.0000000e+000  1.4995000e+002
  7.1200000e+003  1.0301625e+005  5.0000000e-002  0.0000000e+000  1.4998588e+002
  7.1400000e+003  1.0393753e+005  5.0000000e-002  0.0000000e+000  1.5002302e+002
  7.1600000e+003  1.0931269e+005  5.0000000e-002  0.0000000e+000  1.5005776e+002
  7.1800000e+003  1.1980749e+005  5.0000000e-002  0.0000000e+000  1.5008674e+002
  7.2000000e+003  1.3675610e+005  5.0000000e-002  0.0000000e+000  1.5010733e+002
  7.2200000e+003  1.6235437e+005  5.0000000e-002  0.0000000e+000  1.5011801e+002
  7.2400000e+003  1.9989556e+005  5.0000000e-002  0.0000000e+000  1.5011858e+002
  7.2600000e+003  2.5387175e+005  5.0000000e-002  0.0000000e+000  1.5011020e+002
  7.2800000e+003  3.2945550e+005  5.0000000e-002  0.0000000e+000  1.5009513e+002
  7.3000000e+003  4.3041928e+005  5.0000000e-002  0.0000000e+000  1.5007625e+002
  7.3200000e+003  5.5451797e+005  5.0000000e-002  0.0000000e+000  1.5005632e+002
  7.3400000e+003  6.8708718e+005  5.0000000e-002  0.0000000e+000  1.5003716e+002
  7.3600000e+003  7.9751351e+005  5.0000000e-002  0.0000000e+000  1.5001917e+002
  7.3800000e+003  8.4605583e+005  5.0000000e-002  0.0000000e+000  1.5000121e+002
  7.4000000e+003  8.0500954e+005  5.0000000e-002  0.0000000e+000  1.4998115e+002
  7.4200000e+003  6.8480644e+005  5.0000000e-002  0.0000000e+000  1.4995763e+002
  7.4400000e+003  5.3474712e+005  5.0000000e-002  0.0000000e+000  1.4993275e+002
  7.4600000e+003  4.0181615e+005  5.0000000e-002  0.0000000e+000  1.4991000e+002
  7.4800000e+003  3.0178985e+005  5.0000000e-002  0.0000000e+000  1.4989102e+002
  7.5000000e+003  2.3137439e+005  5.0000000e-002  0.0000000e+000  1.4987757e+002
  7.5200000e+003  1.8306418e+005  5.0000000e-002  0.0000000e+000  1.4987188e+002
  7.5400000e+003  1.5031941e+005  5.0000000e-002  0.0000000e+000  1.4987574e+002
  7.5600000e+003  1.2845668e+005  5.0000000e-002  0.0000000e+000  1.4988987e+002
  7.5800000e+003  1.1438480e+005  5.0000000e-002  0.0000000e+000  1.4991365e+002
  7.6000000e+003  1.0618166e+005  5.0000000e-002  0.0000000e+000  1.4994520e+002
  7.6200000e+003  1.0276422e+005  5.0000000e-002  0.0000000e+000  1.4998165e+002
  7.6400000e+003  1.0368674e+005  5.0000000e-002  0.0000000e+000  1.5001948e+002
  7.6600000e+003  1.0905280e+005  5.0000000e-002  0.0000000e+000  1.5005504e+002
  7.6800000e+003  1.1952712e+005  5.0000000e-002  0.0000000e+000  1.5008492e+002
  7.7000000e+003  1.3644146e+005  5.0000000e-002  0.0000000e+000  1.5010646e+002
  7.7200000e+003  1.6198767e+005  5.0000000e-002  0.0000000e+000  1.5011808e+002
  7.7400000e+003  1.9945312e+005  5.0000000e-002  0.0000000e+000  1.5011948e+002
  7.7600000e+003  2.5332230e+005  5.0000000e-002  0.0000000e+000  1.5011170e+002
  7.7800000e+003  3.2876000e+005  5.0000000e-002  0.0000000e+000  1.5009689e+002
  7.8000000e+003  4.2953469e+005  5.0000000e-002  0.0000000e+000  1.5007784e+002
  7.8200000e+003  5.5340773e+005  5.0000000e-002  0.0000000e+000  1.5005727e+002
  7.8400000e+003  6.8573843e+005  5.0000000e-002  0.0000000e+000  1.5003704e+002
  7.8600000e+003  7.9595673e+005  5.0000000e-002  0.0000000e+000  1.5001756e+002
  7.8800000e+003  8.4438046e+005  5.0000000e-002  0.0000000e+000  1.4999767e+002
  7.9000000e+003  8.0336540e+005  5.0000000e-002  0.0000000e+000  1.4997515e+002
  7.9200000e+003  6.8336563e+005  5.0000000e-002  0.0000000e+000  1.4994871e+002
  7.9400000e+003  5.3361125e+005  5.0000000e-002  0.0000000e+000  1.4992095e+002
  7.9600000e+003  4.0096746e+005  5.0000000e-002  0.0000000e+000  1.4989587e+002
  7.9800000e+003  3.0115773e+005  5.0000000e-002  0.0000000e+000  1.4987519e+002
  8.0000000e+003  2.3089373e+005  5.0000000e-002  0.0000000e+000  1.4986064e+002
  8.0200000e+003  1.8268722e+005  5.0000000e-002  0.0000000e+000  1.4985445e+002
  8.0400000e+003  1.5001299e+005  5.0000000e-002  0.0000000e+000  1.4985835e+002
  8.0600000e+003  1.2819785e+005  5.0000000e-002  0.0000000e+000  1.4987298e+002
  8.0800000e+003  1.1415735e+005  5.0000000e-002  0.0000000e+000  1.4989765e+002
  8.1000000e+003  1.0597360e+005  5.0000000e-002  0.0000000e+000  1.4993044e+002
  8.1200000e+003  1.0256611e+005  5.0000000e-002  0.0000000e+000  1.4996842e+002
  8.1400000e+003  1.0349039e+005  5.0000000e-002  0.0000000e+000  1.5000807e+002
  8.1600000e+003  1.0885027e+005  5.0000000e-002  0.0000000e+000  1.5004570e+002
  8.1800000e+003  1.1930980e+005  5.0000000e-002  0.0000000e+000  1.5007787e+002
  8.2000000e+003  1.3619900e+005  3.3510756e-002  0.0000000e+000  1.5010182e+002
  8.2200000e+003  1.6170673e+005  1.4015409e-019  0.0000000e+000  1.5011578e+002
  8.2400000e+003  1.9911585e+005  5.8617504e-037  0.0000000e+000  1.5011918e+002
  8.2600000e+003  2.5290480e+005  2.4515958e-054  0.0000000e+000  1.5011269e+002
  8.2800000e+003  3.2823160e+005  1.0253459e-071  0.0000000e+000  1.5009807e+002
  8.3000000e+003  4.2886007e+005  4.2883672e-089  0.0000000e+000  1.5007779e+002
  8.3200000e+003  5.5255417e+005  1.7935501e-106  0.0000000e+000  1.5005446e+002
  8.3400000e+003  6.8468895e+005  7.5012747e-124  0.0000000e+000  1.5002998e+002
  8.3600000e+003  7.9472619e+005  3.1373041e-141  0.0000000e+000  1.5000486e+002
  8.3800000e+003  8.4302963e+005  1.3121339e-158  0.0000000e+000  1.4997778e+002
  8.4000000e+003  8.0200575e+005  5.4878182e-176  0.0000000e+000  1.4994624e+002
  8.4200000e+003  6.8213633e+005  2.2952039e-193  0.0000000e+000  1.4990926e+002
  8.4400000e+003  5.3261005e+005  9.5993719e-211  0.0000000e+000  1.4987118e+002
  8.4600000e+003  4.0019916e+005  4.0148042e-228  0.0000000e+000  1.4983773e+002
  8.4800000e+003  3.0057438e+005  1.6791362e-245  0.0000000e+000  1.4981094e+002
  8.5000000e+003  2.3044459e+005  7.0227542e-263  0.0000000e+000  1.4979257e+002
  8.5200000e+003  1.8164255e+005  2.9371696e-280  0.0000000e+000  1.4915181e+002
  8.5400000e+003  1.4738574e+005  1.2284304e-297  0.0000000e+000  1.4737863e+002
  8.5600000e+003  1.2917746e+005  5.1377399e-315  0.0000000e+000  1.5076978e+002
  8.5800000e+003  1.1391118e+005  1.9762626e-323  0.0000000e+000  1.4979009e+002
  8.6000000e+003  1.0576054e+005  1.9762626e-323  0.0000000e+000  1.4984264e+002
  8.6200000e+003  1.0237705e+005  1.9762626e-323  0.0000000e+000  1.4990346e+002
  8.6400000e+003  1.0331855e+005  1.9762626e-323  0.0000000e+000  1.4996829e+002
  8.6600000e+003  1.0869085e+005  1.9762626e-323  0.0000000e+000  1.5003301e+002
  8.6800000e+003  1.1915944e+005  1.9762626e-323  0.0000000e+000  1.5009355e+002
  8.7000000e+003  1.3605538e+005  1.9762626e-323  0.0000000e+000  1.5014610e+002
  8.7200000e+003  1.6156810e+005  1.9762626e-323  0.0000000e+000  1.5018740e+002
  8.7400000e+003  1.9898015e+005  1.9762626e-323  0.0000000e+000  1.5021492e+002
  8.7600000e+003  2.5276814e+005  1.9762626e-323  0.0000000e+000  1.5022726e+002
  8.7800000e+003  3.2808582e+005  1.9762626e-323  0.0000000e+000  1.5022447e+002
  8.8000000e+003  4.2869018e+005  1.9762626e-323  0.0000000e+000  1.5020828e+002
  8.8200000e+003  5.6121153e+005  1.9762626e-323  0.0000000e+000  1.5338664e+002
  8.8400000e+003  7.0764873e+005  1.9762626e-323  0.0000000e+000  1.5649778e+002
  8.8600000e+003  7.8702847e+005  1.9762626e-323  0.0000000e+000  1.5000100e+002
  8.8800000e+003  8.4216174e+005  1.9762626e-323  0.0000000e+000  1.5004855e+002
  8.9000000e+003  8.0138242e+005  1.9762626e-323  0.0000000e+000  1.5001424e+002
  8.9200000e+003  6.8160498e+005  1.9762626e-323  0.0000000e+000  1.4997715e+002
  8.9400000e+003  5.3221013e+005  1.9762626e-323  0.0000000e+000  1.4994242e+002
  8.9600000e+003  3.9992372e+005  1.9762626e-323  0.0000000e+000  1.4991554e+002
  8.9800000e+003  3.0038978e+005  1.9762626e-323  0.0000000e+000  1.4989697e+002
  9.0000000e+003  2.3031979e+005  1.9762626e-323  0.0000000e+000  1.4988698e+002
  9.0200000e+003  1.8217650e+005  1.9762626e-323  0.0000000e+000  1.4979853e+002
  9.0400000e+003  1.4869848e+005  1.9762626e-323  0.0000000e+000  1.4889972e+002
  9.0600000e+003  1.2640983e+005  1.9762626e-323  0.0000000e+000  1.4813059e+002
  9.0800000e+003  1.1408812e+005  1.9762626e-323  0.0000000e+000  1.5016938e+002
  9.1000000e+003  1.0573901e+005  1.9762626e-323  0.0000000e+000  1.4997671e+002
  9.1200000e+003  1.0235261e+005  1.9762626e-323  0.0000000e+000  1.5003024e+002
  9.1400000e+003  1.0328828e+005  1.9762626e-323  0.0000000e+000  1.5008485e+002
  9.1600000e+003  1.0865091e+005  1.9762626e-323  0.0000000e+000  1.5013623e+002
  9.1800000e+003  1.1910442e+005  1.9762626e-323  0.0000000e+000  1.5018034e+002
  9.2000000e+003  1.3798759e+005  1.9762626e-323  0.0000000e+000  1.5256910e+002
  9.2200000e+003  1.6862895e+005  1.9762626e-323  0.0000000e+000  1.5720146e+002
  9.2400000e+003  1.9789393e+005  1.9762626e-323  0.0000000e+000  1.4987273e+002
  9.2600000e+003  2.5241202e+005  1.9762626e-323  0.0000000e+000  1.5015795e+002
  9.2800000e+003  3.2759538e+005  1.9762626e-323  0.0000000e+000  1.5013566e+002
  9.3000000e+003  4.2804245e+005  1.9762626e-323  0.0000000e+000  1.5011166e+002
  9.3200000e+003  5.5152253e+005  1.9762626e-323  0.0000000e+000  1.5008590e+002
  9.3400000e+003  6.8343691e+005  1.9762626e-323  0.0000000e+000  1.5006080e+002
  9.3600000e+003  7.9329278e+005  1.9762626e-323  0.0000000e+000  1.5003713e+002
  9.3800000e+003  8.4151294e+005  1.9762626e-323  0.0000000e+000  1.5001388e+002
  9.4000000e+003  8.0055986e+005  1.9762626e-323  0.0000000e+000  1.4998894e+002
  9.4200000e+003  6.8092445e+005  1.9762626e-323  0.0000000e+000  1.4996127e+002
  9.4400000e+003  5.3170717e+005  1.9762626e-323  0.0000000e+000  1.4993377e+002
  9.4600000e+003  3.9956161e+005  1.9762626e-323  0.0000000e+000  1.4991025e+002
  9.4800000e+003  3.0012245e+005  1.9762626e-323  0.0000000e+000  1.4989187e+002
  9.5000000e+003  2.3011432e+005  1.9762626e-323  0.0000000e+000  1.4987991e+002
  9.5200000e+003  1.8208080e+005  1.9762626e-323  0.0000000e+000  1.4987622e+002
  9.5400000e+003  1.4952278e+005  1.9762626e-323  0.0000000e+000  1.4988227e+002
  9.5600000e+003  1.2778505e+005  1.9762626e-323  0.0000000e+000  1.4989855e+002
  9.5800000e+003  1.1379478e+005  1.9762626e-323  0.0000000e+000  1.4992426e+002
  9.6000000e+003  1.0564129e+005  1.9762626e-323  0.0000000e+000  1.4995742e+002
  9.6200000e+003  1.0224823e+005  1.9762626e-323  0.0000000e+000  1.4999510e+002
  9.6400000e+003  1.0317306e+005  1.9762626e-323  0.0000000e+000  1.5003375e+002
  9.6600000e+003  1.0851975e+005  1.9762626e-323  0.0000000e+000  1.5006969e+002
  9.6800000e+003  1.1895077e+005  1.9762626e-323  0.0000000e+000  1.5009951e+002
  9.7000000e+003  1.3579271e+005  1.9762626e-323  0.0000000e+000  1.5012057e+002
  9.7200000e+003  1.6122881e+005  1.9762626e-323  0.0000000e+000  1.5013129e+002
  9.7400000e+003  1.9853391e+005  1.9762626e-323  0.0000000e+000  1.5013146e+002
  9.7600000e+003  2.5217657e+005  1.9762626e-323  0.0000000e+000  1.5012223e+002
  9.7800000e+003  3.2730565e+005  1.9762626e-323  0.0000000e+000  1.5010595e+002
  9.8000000e+003  4.2768235e+005  1.9762626e-323  0.0000000e+000  1.5008560e+002
  9.8200000e+003  5.5108373e+005  1.9762626e-323  0.0000000e+000  1.5006412e+002
  9.8400000e+003  6.8292151e+005  1.9762626e-323  0.0000000e+000  1.5004349e+002
  9.8600000e+003  7.9271898e+005  1.9762626e-323  0.0000000e+000  1.5002423e+002
  9.8800000e+003  8.4091875e+005  1.9762626e-323  0.0000000e+000  1.5000523e+002
  9.9000000e+003  8.0000094e+005  1.9762626e-323  0.0000000e+000  1.4998441e+002
  9.9200000e+003  6.8045665e+005  1.9762626e-323  0.0000000e+000  1.4996048e+002
  9.9400000e+003  5.3135303e+005  1.9762626e-323  0.0000000e+000  1.4993564e+002
  9.9600000e+003  3.9930329e+005  1.9762626e-323  0.0000000e+000  1.4991333e+002
  9.9800000e+003  2.9993164e+005  1.9762626e-323  0.0000000e+000  1.4989501e+002
  1.0000000e+004  2.2996882e+005  1.9762626e-323  0.0000000e+000  1.4988233e+002

