  0.0000000e+000  2.0000000e+001  0.0000000e+000  0.0000000e+000  6.0000000e+001  1.2000000e+005
  2.0000000e+001  2.0087518e+001  1.1919282e+002  0.0000000e+000  6.0000000e+001  1.2000000e+006
  4.0000000e+001  2.0174078e+001  1.4982302e+002  0.0000000e+000  6.0000000e+001  1.2000000e+006
  6.0000000e+001  2.0259692e+001  1.5001191e+002  0.0000000e+000  6.0000000e+001  1.2000000e+006
  8.0000000e+001  2.0344368e+001  1.5000027e+002  0.0000000e+000  6.0000000e+001  1.2000000e+006
  1.0000000e+002  2.0428119e+001  1.4999969e+002  0.0000000e+000  6.0000000e+001  1.2000000e+006
  1.2000000e+002  2.0510953e+001  1.4999966e+002  0.0000000e+000  6.0000000e+001  1.2000000e+006
  1.4000000e+002  2.0592881e+001  1.4999961e+002  0.0000000e+000  6.0000000e+001  1.2000000e+006
  1.6000000e+002  2.0673913e+001  1.4999955e+002  0.0000000e+000  6.0000000e+001  1.2000000e+006
  1.8000000e+002  2.0754058e+001  1.4999949e+002  0.0000000e+000  6.0000000e+001  1.2000000e+006
  2.0000000e+002  2.0833327e+001  1.4999943e+002  0.0000000e+000  6.0000000e+001  1.2000000e+006
  2.2000000e+002  2.0911728e+001  1.4999936e+002  4.0000000e+004  6.0000000e+001  1.2000000e+006
  2.4000000e+002  2.0989272e+001  1.4999930e+002  8.0000000e+004  6.0000000e+001  1.2000000e+006
  2.6000000e+002  2.1065967e+001  1.4999924e+002  1.2000000e+005  6.0000000e+001  1.2000000e+006
  2.8000000e+002  2.1141824e+001  1.4999917e+002  1.6000000e+005  6.0000000e+001  1.2000000e+006
  3.0000000e+002  2.1216850e+001  1.4999910e+002  2.0000000e+005  6.0000000e+001  1.2000000e+006
  3.2000000e+002  2.1291056e+001  1.4999903e+002  2.4000000e+005  6.0000000e+001  1.2000000e+006
  3.4000000e+002  2.1364450e+001  1.4999896e+002  2.8000000e+005  6.0000000e+001  1.2000000e+006
  3.6000000e+002  2.1437041e+001  1.4999889e+002  3.2000000e+005  6.0000000e+001  1.2000000e+006
  3.8000000e+002  2.1508838e+001  1.4999881e+002  3.6000000e+005  6.0000000e+001  1.2000000e+006
  4.0000000e+002  2.1579850e+001  1.4999873e+002  4.0000000e+005  6.0000000e+001  1.2000000e+006
  4.2000000e+002  2.1650084e+001  1.4999865e+002  4.4000000e+005  6.0000000e+001  1.2000000e+006
  4.4000000e+002  2.1719551e+001  1.4999857e+002  4.8000000e+005  6.0000000e+001  1.2000000e+006
  4.6000000e+002  2.1788257e+001  1.4999848e+002  5.2000000e+005  6.0000000e+001  1.2000000e+006
  4.8000000e+002  2.1856212e+001  1.4999839e+002  5.6000000e+005  6.0000000e+001  1.2000000e+006
  5.0000000e+002  2.1923423e+001  1.4999830e+002  6.0000000e+005  6.0000000e+001  1.2000000e+006
  5.2000000e+002  2.1989899e+001  1.4983411e+002  6.4000000e+005  6.0000000e+001  9.0435402e+005
  5.4000000e+002  2.2055648e+001  1.4996996e+002  6.8000000e+005  6.0000000e+001  6.5626748e+005
  5.6000000e+002  2.2120677e+001  1.4997205e+002  7.2000000e+005  6.0000000e+001  5.8469155e+005
  5.8000000e+002  2.2184996e+001  1.4997093e+002  7.6000000e+005  6.0000000e+001  5.2508254e+005
  6.0000000e+002  2.2248610e+001  1.4996979e+002  8.0000000e+005  6.0000000e+001  4.7407324e+005
  6.2000000e+002  2.2311529e+001  1.4996862e+002  8.4000000e+005  6.0000000e+001  4.3005515e+005
  6.4000000e+002  2.2373759e+001  1.4996743e+002  8.8000000e+005  6.0000000e+001  3.9179269e+005
  6.6000000e+002  2.2435309e+001  1.4996621e+002  9.2000000e+005  6.0000000e+001  3.5831833e+005
  6.8000000e+002  2.2496185e+001  1.4996498e+002  9.6000000e+005  6.0000000e+001  3.2886342e+005
  7.0000000e+002  2.2556395e+001  1.4996372e+002  1.0000000e+006  6.0000000e+001  3.0280977e+005
  7.2000000e+002  2.2615946e+001  1.4999438e+002  1.0000000e+006  6.0000000e+001  3.0064308e+005
  7.4000000e+002  2.2674846e+001  1.4999421e+002  1.0000000e+006  6.0000000e+001  2.9981065e+005
  7.6000000e+002  2.2733102e+001  1.4999396e+002  1.0000000e+006  6.0000000e+001  2.9898535e+005
  7.8000000e+002  2.2790721e+001  1.4999370e+002  1.0000000e+006  6.0000000e+001  2.9816724e+005
  8.0000000e+002  2.2847709e+001  1.4999342e+002  1.0000000e+006  6.0000000e+001  2.9735634e+005
  8.2000000e+002  2.2904073e+001  1.4999313e+002  1.0000000e+006  6.0000000e+001  2.9655266e+005
  8.4000000e+002  2.2959821e+001  1.4999282e+002  1.0000000e+006  6.0000000e+001  2.9575622e+005
  8.6000000e+002  2.3014959e+001  1.4999249e+002  1.0000000e+006  6.0000000e+001  2.9496701e+005
  8.8000000e+002  2.3069494e+001  1.4999214e+002  1.0000000e+006  6.0000000e+001  2.9418504e+005
  9.0000000e+002  2.3123433e+001  1.4999177e+002  1.0000000e+006  6.0000000e+001  2.9341029e+005
  9.2000000e+002  2.3176781e+001  1.4999137e+002  1.0000000e+006  6.0000000e+001  2.9264276e+005
  9.4000000e+002  2.3229546e+001  1.4999095e+002  1.0000000e+006  6.0000000e+001  2.9188243e+005
  9.6000000e+002  2.3281733e+001  1.4999050e+002  1.0000000e+006  6.0000000e+001  2.9112930e+005
  9.8000000e+002  2.3333350e+001  1.4999001e+002  1.0000000e+006  6.0000000e+001  2.9038333e+005
  1.0000000e+003  2.3384402e+001  1.4998949e+002  1.0000000e+006  6.0000000e+001  2.8964450e+005
  1.0200000e+003  2.3434895e+001  1.4987624e+002  1.1243449e+006  6.0000000e+001  2.3184634e+005
  1.0400000e+003  2.3484836e+001  1.4987889e+002  1.2408768e+006  6.0000000e+001  1.9003102e+005
  1.0600000e+003  2.3534230e+001  1.4989062e+002  1.3422736e+006  6.0000000e+001  1.6210584e+005
  1.0800000e+003  2.3583085e+001  1.4991084e+002  1.4221640e+006  6.0000000e+001  1.4408880e+005
  1.1000000e+003  2.3631405e+001  1.4993803e+002  1.4755283e+006  6.0000000e+001  1.3350685e+005
  1.1200000e+003  2.3679196e+001  1.4996977e+002  1.4990134e+006  6.0000000e+001  1.2895928e+005
  1.1400000e+003  2.3726464e+001  1.5000311e+002  1.4911436e+006  6.0000000e+001  1.2985199e+005
  1.1600000e+003  2.3773215e+001  1.5003492e+002  1.4524135e+006  6.0000000e+001  1.3627823e+005
  1.1800000e+003  2.3819455e+001  1.5006227e+002  1.3852566e+006  6.0000000e+001  1.4902387e+005
  1.2000000e+003  2.3865189e+001  1.5008277e+002  1.2938926e+006  6.0000000e+001  1.6968658e+005
  1.2200000e+003  2.3910423e+001  1.5009489e+002  1.1840623e+006  6.0000000e+001  2.0089534e+005
  1.2400000e+003  2.3955162e+001  1.5009811e+002  1.0626666e+006  6.0000000e+001  2.4656817e+005
  1.2600000e+003  2.3999411e+001  1.5009294e+002  9.3733338e+005  6.0000000e+001  3.1198575e+005
  1.2800000e+003  2.4043177e+001  1.5008083e+002  8.1593772e+005  6.0000000e+001  4.0310299e+005
  1.3000000e+003  2.4086463e+001  1.5006384e+002  7.0610737e+005  6.0000000e+001  5.2404307e+005
  1.3200000e+003  2.4129276e+001  1.5004416e+002  6.1474338e+005  6.0000000e+001  6.7180530e+005
  1.3400000e+003  2.4171621e+001  1.5002339e+002  5.4758647e+005  6.0000000e+001  8.2922560e+005
  1.3600000e+003  2.4213502e+001  1.5000194e+002  5.0885637e+005  6.0000000e+001  9.6124321e+005
  1.3800000e+003  2.4254925e+001  1.4997866e+002  5.0098664e+005  6.0000000e+001  1.0220925e+006
  1.4000000e+003  2.4295895e+001  1.4995117e+002  5.2447174e+005  6.0000000e+001  9.7774855e+005
  1.4200000e+003  2.4336417e+001  1.4991802e+002  5.7783604e+005  6.0000000e+001  8.3593267e+005
  1.4400000e+003  2.4376496e+001  1.4988298e+002  6.5772645e+005  6.0000000e+001  6.5307256e+005
  1.4600000e+003  2.4416136e+001  1.4985247e+002  7.5912316e+005  6.0000000e+001  4.8936243e+005
  1.4800000e+003  2.4455342e+001  1.4982835e+002  8.7565506e+005  6.0000000e+001  3.6649749e+005
  1.5000000e+003  2.4494120e+001  1.4981164e+002  1.0000000e+006  6.0000000e+001  2.8035032e+005
  1.5200000e+003  2.4532473e+001  1.4980422e+002  1.1243449e+006  6.0000000e+001  2.2139574e+005
  1.5400000e+003  2.4570407e+001  1.4861339e+002  1.2408768e+006  6.0000000e+001  1.8010876e+005
  1.5600000e+003  2.4607926e+001  1.5295631e+002  1.3422736e+006  6.0000000e+001  1.5789554e+005
  1.5800000e+003  2.4645034e+001  1.4980288e+002  1.4221640e+006  6.0000000e+001  1.3759118e+005
  1.6000000e+003  2.4681737e+001  1.4984954e+002  1.4755283e+006  6.0000000e+001  1.2751354e+005
  1.6200000e+003  2.4718038e+001  1.4990465e+002  1.4990134e+006  6.0000000e+001  1.2320223e+005
  1.6400000e+003  2.4753941e+001  1.4996381e+002  1.4911436e+006  6.0000000e+001  1.2409268e+005
  1.6600000e+003  2.4789452e+001  1.5002331e+002  1.4524135e+006  6.0000000e+001  1.3027906e+005
  1.6800000e+003  2.4824575e+001  1.5007940e+002  1.3852566e+006  6.0000000e+001  1.4251961e+005
  1.7000000e+003  2.4859313e+001  1.5012853e+002  1.2938926e+006  6.0000000e+001  1.6235238e+005
  1.7200000e+003  2.4893671e+001  1.5016759e+002  1.1840623e+006  6.0000000e+001  1.9230854e+005
  1.7400000e+003  2.4927654e+001  1.5019419e+002  1.0626666e+006  6.0000000e+001  2.3616436e+005
  1.7600000e+003  2.4961264e+001  1.5020694e+002  9.3733338e+005  6.0000000e+001  2.9901997e+005
  1.7800000e+003  2.4994507e+001  1.5020579e+002  8.1593772e+005  6.0000000e+001  3.8664759e+005
  1.8000000e+003  2.5027386e+001  1.5173196e+002  7.0610737e+005  6.0000000e+001  5.0645769e+005
  1.8200000e+003  2.5059906e+001  1.5516641e+002  6.1474338e+005  6.0000000e+001  6.6251081e+005
  1.8400000e+003  2.5092070e+001  1.4922430e+002  5.4758647e+005  6.0000000e+001  7.6217754e+005
  1.8600000e+003  2.5123882e+001  1.5007776e+002  5.0885637e+005  6.0000000e+001  9.2265121e+005
  1.8800000e+003  2.5155346e+001  1.5004810e+002  5.0098664e+005  6.0000000e+001  9.8161992e+005
  1.9000000e+003  2.5186465e+001  1.5001787e+002  5.2447174e+005  6.0000000e+001  9.3778771e+005
  1.9200000e+003  2.5217245e+001  1.4998381e+002  5.7783604e+005  6.0000000e+001  8.0069707e+005
  1.9400000e+003  2.5247687e+001  1.4995123e+002  6.5772645e+005  6.0000000e+001  6.2537172e+005
  1.9600000e+003  2.5277797e+001  1.4992635e+002  7.5912316e+005  6.0000000e+001  4.6887247e+005
  1.9800000e+003  2.5307577e+001  1.4990950e+002  8.7565506e+005  6.0000000e+001  3.5136551e+005
  2.0000000e+003  2.5337031e+001  1.4990042e+002  1.0000000e+006  6.0000000e+001  2.6889946e+005
  2.0200000e+003  2.5366163e+001  1.4989993e+002  1.1243449e+006  6.0000000e+001  2.1243025e+005
  2.0400000e+003  2.5394977e+001  1.4990874e+002  1.2408768e+006  6.0000000e+001  1.7418646e+005
  2.0600000e+003  2.5423475e+001  1.4930678e+002  1.3422736e+006  6.0000000e+001  1.4805151e+005
  2.0800000e+003  2.5451662e+001  1.4882261e+002  1.4221640e+006  6.0000000e+001  1.3119613e+005
  2.1000000e+003  2.5479540e+001  1.4859251e+002  1.4755283e+006  6.0000000e+001  1.2139315e+005
  2.1200000e+003  2.5507113e+001  1.5004851e+002  1.4990134e+006  6.0000000e+001  1.1841682e+005
  2.1400000e+003  2.5534384e+001  1.5007862e+002  1.4911436e+006  6.0000000e+001  1.1928529e+005
  2.1600000e+003  2.5561357e+001  1.5012557e+002  1.4524135e+006  6.0000000e+001  1.2526392e+005
  2.1800000e+003  2.5588036e+001  1.5209491e+002  1.3852566e+006  6.0000000e+001  1.3873995e+005
  2.2000000e+003  2.5614422e+001  1.5588407e+002  1.2938926e+006  6.0000000e+001  1.6188345e+005
  2.2200000e+003  2.5640519e+001  1.4898103e+002  1.1840623e+006  6.0000000e+001  1.8428591e+005
  2.2400000e+003  2.5666331e+001  1.5015704e+002  1.0626666e+006  6.0000000e+001  2.2726097e+005
  2.2600000e+003  2.5691861e+001  1.5014027e+002  9.3733338e+005  6.0000000e+001  2.8789320e+005
  2.2800000e+003  2.5717111e+001  1.5012315e+002  8.1593772e+005  6.0000000e+001  3.7251241e+005
  2.3000000e+003  2.5742086e+001  1.5010156e+002  7.0610737e+005  6.0000000e+001  4.8509114e+005
  2.3200000e+003  2.5766787e+001  1.5007843e+002  6.1474338e+005  6.0000000e+001  6.2293271e+005
  2.3400000e+003  2.5791217e+001  1.5005589e+002  5.4758647e+005  6.0000000e+001  7.6989151e+005
  2.3600000e+003  2.5815381e+001  1.5003461e+002  5.0885637e+005  6.0000000e+001  8.9272604e+005
  2.3800000e+003  2.5839280e+001  1.5001367e+002  5.0098664e+005  6.0000000e+001  9.4815864e+005
  2.4000000e+003  2.5862918e+001  1.4999106e+002  5.2447174e+005  6.0000000e+001  9.0484556e+005
  2.4200000e+003  2.5886297e+001  1.4996557e+002  5.7783604e+005  6.0000000e+001  7.7183152e+005
  2.4400000e+003  2.5909420e+001  1.4993988e+002  6.5772645e+005  6.0000000e+001  6.0276711e+005
  2.4600000e+003  2.5932290e+001  1.4991811e+002  7.5912316e+005  6.0000000e+001  4.5215978e+005
  2.4800000e+003  2.5954911e+001  1.4990129e+002  8.7565506e+005  6.0000000e+001  3.3901549e+005
  2.5000000e+003  2.5977283e+001  1.4989032e+002  1.0000000e+006  6.0000000e+001  2.5954835e+005
  2.5200000e+003  2.5999411e+001  1.4988682e+002  1.1243449e+006  6.0000000e+001  2.0510611e+005
  2.5400000e+003  2.6021297e+001  1.4989215e+002  1.2408768e+006  6.0000000e+001  1.6822713e+005
  2.5600000e+003  2.6042944e+001  1.4990681e+002  1.3422736e+006  6.0000000e+001  1.4359821e+005
  2.5800000e+003  2.6064353e+001  1.4993014e+002  1.4221640e+006  6.0000000e+001  1.2772166e+005
  2.6000000e+003  2.6085529e+001  1.4996036e+002  1.4755283e+006  6.0000000e+001  1.1842312e+005
  2.6200000e+003  2.6106472e+001  1.4999481e+002  1.4990134e+006  6.0000000e+001  1.1447322e+005
  2.6400000e+003  2.6127187e+001  1.5003023e+002  1.4911436e+006  6.0000000e+001  1.1535652e+005
  2.6600000e+003  2.6147675e+001  1.5006324e+002  1.4524135e+006  6.0000000e+001  1.2116891e+005
  2.6800000e+003  2.6167939e+001  1.5009069e+002  1.3852566e+006  6.0000000e+001  1.3262603e+005
  2.7000000e+003  2.6187981e+001  1.5011012e+002  1.2938926e+006  6.0000000e+001  1.5117459e+005
  2.7200000e+003  2.6207804e+001  1.5012008e+002  1.1840623e+006  6.0000000e+001  1.7919686e+005
  2.7400000e+003  2.6227410e+001  1.5012036e+002  1.0626666e+006  6.0000000e+001  2.2025593e+005
  2.7600000e+003  2.6246802e+001  1.5011204e+002  9.3733338e+005  6.0000000e+001  2.7918538e+005
  2.7800000e+003  2.6265982e+001  1.5009724e+002  8.1593772e+005  6.0000000e+001  3.6149727e+005
  2.8000000e+003  2.6284951e+001  1.5007870e+002  7.0610737e+005  6.0000000e+001  4.7111527e+005
  2.8200000e+003  2.6303713e+001  1.5005911e+002  6.1474338e+005  6.0000000e+001  6.0545837e+005
  2.8400000e+003  2.6322270e+001  1.5004028e+002  5.4758647e+005  6.0000000e+001  7.4875352e+005
  2.8600000e+003  2.6340624e+001  1.5002266e+002  5.0885637e+005  6.0000000e+001  8.6841693e+005
  2.8800000e+003  2.6358777e+001  1.5000525e+002  5.0098664e+005  6.0000000e+001  9.2205842e+005
  2.9000000e+003  2.6376732e+001  1.4998604e+002  5.2447174e+005  6.0000000e+001  8.7926343e+005
  2.9200000e+003  2.6394490e+001  1.4996370e+002  5.7783604e+005  6.0000000e+001  7.4947159e+005
  2.9400000e+003  2.6412054e+001  1.4994025e+002  6.5772645e+005  6.0000000e+001  5.8527286e+005
  2.9600000e+003  2.6429425e+001  1.4991931e+002  7.5912316e+005  6.0000000e+001  4.3922072e+005
  2.9800000e+003  2.6446607e+001  1.4990224e+002  8.7565506e+005  6.0000000e+001  3.2945347e+005
  3.0000000e+003  2.6463601e+001  1.4989038e+002  1.0000000e+006  6.0000000e+001  2.5231195e+005
  3.0200000e+003  2.6480409e+001  1.4988566e+002  1.1243449e+006  6.0000000e+001  1.9944326e+005
  3.0400000e+003  2.6497032e+001  1.4988971e+002  1.2408768e+006  6.0000000e+001  1.6362443e+005
  3.0600000e+003  2.6513474e+001  1.4990318e+002  1.3422736e+006  6.0000000e+001  1.3970449e+005
  3.0800000e+003  2.6529737e+001  1.4992552e+002  1.4221640e+006  6.0000000e+001  1.2429018e+005
  3.1000000e+003  2.6545821e+001  1.4995499e+002  1.4755283e+006  6.0000000e+001  1.1527182e+005
  3.1200000e+003  2.6561729e+001  1.4998891e+002  1.4990134e+006  6.0000000e+001  1.1145749e+005
  3.1400000e+003  2.6577464e+001  1.5002399e+002  1.4911436e+006  6.0000000e+001  1.1234951e+005
  3.1600000e+003  2.6593026e+001  1.5005676e+002  1.4524135e+006  6.0000000e+001  1.1804561e+005
  3.1800000e+003  2.6608418e+001  1.5008407e+002  1.3852566e+006  6.0000000e+001  1.2924823e+005
  3.2000000e+003  2.6623641e+001  1.5010340e+002  1.2938926e+006  6.0000000e+001  1.4737440e+005
  3.2200000e+003  2.6638698e+001  1.5011334e+002  1.1840623e+006  6.0000000e+001  1.7475742e+005
  3.2400000e+003  2.6653590e+001  1.5011370e+002  1.0626666e+006  6.0000000e+001  2.1488964e+005
  3.2600000e+003  2.6668320e+001  1.5010560e+002  9.3733338e+005  6.0000000e+001  2.7251544e+005
  3.2800000e+003  2.6682888e+001  1.5009122e+002  8.1593772e+005  6.0000000e+001  3.5305874e+005
  3.3000000e+003  2.6697297e+001  1.5007329e+002  7.0610737e+005  6.0000000e+001  4.6040485e+005
  3.3200000e+003  2.6711548e+001  1.5005443e+002  6.1474338e+005  6.0000000e+001  5.9206129e+005
  3.3400000e+003  2.6725643e+001  1.5003641e+002  5.4758647e+005  6.0000000e+001  7.3254326e+005
  3.3600000e+003  2.6739584e+001  1.5001958e+002  5.0885637e+005  6.0000000e+001  8.4977719e+005
  3.3800000e+003  2.6753373e+001  1.5000290e+002  5.0098664e+005  6.0000000e+001  9.0206018e+005
  3.4000000e+003  2.6767011e+001  1.4998435e+002  5.2447174e+005  6.0000000e+001  8.5968991e+005
  3.4200000e+003  2.6780499e+001  1.4996253e+002  5.7783604e+005  6.0000000e+001  7.3239048e+005
  3.4400000e+003  2.6793840e+001  1.4993932e+002  6.5772645e+005  6.0000000e+001  5.7191610e+005
  3.4600000e+003  2.6807035e+001  1.4991821e+002  7.5912316e+005  6.0000000e+001  4.2933750e+005
  3.4800000e+003  2.6820086e+001  1.4990066e+002  8.7565506e+005  6.0000000e+001  3.2214753e+005
  3.5000000e+003  2.6832994e+001  1.4988821e+002  1.0000000e+006  6.0000000e+001  2.4678324e+005
  3.5200000e+003  2.6845761e+001  1.4988294e+002  1.1243449e+006  6.0000000e+001  1.9511806e+005
  3.5400000e+003  2.6858388e+001  1.4988655e+002  1.2408768e+006  6.0000000e+001  1.6011048e+005
  3.5600000e+003  2.6870877e+001  1.4989977e+002  1.3422736e+006  6.0000000e+001  1.3673331e+005
  3.5800000e+003  2.6883229e+001  1.4992207e+002  1.4221640e+006  6.0000000e+001  1.2167311e+005
  3.6000000e+003  2.6895446e+001  1.4995168e+002  1.4755283e+006  6.0000000e+001  1.1286970e+005
  3.6200000e+003  2.6907530e+001  1.4998590e+002  1.4990134e+006  6.0000000e+001  1.0915989e+005
  3.6400000e+003  2.6919481e+001  1.5002137e+002  1.4911436e+006  6.0000000e+001  1.1005968e+005
  3.6600000e+003  2.6931302e+001  1.5005461e+002  1.4524135e+006  6.0000000e+001  1.1566834e+005
  3.6800000e+003  2.6942993e+001  1.5008236e+002  1.3852566e+006  6.0000000e+001  1.2667832e+005
  3.7000000e+003  2.6954556e+001  1.5010213e+002  1.2938926e+006  6.0000000e+001  1.4448419e+005
  3.7200000e+003  2.6965993e+001  1.5011242e+002  1.1840623e+006  6.0000000e+001  1.7138196e+005
  3.7400000e+003  2.6977305e+001  1.5011306e+002  1.0626666e+006  6.0000000e+001  2.1081011e+005
  3.7600000e+003  2.6988493e+001  1.5010514e+002  9.3733338e+005  6.0000000e+001  2.6744486e+005
  3.7800000e+003  2.6999558e+001  1.5009083e+002  8.1593772e+005  6.0000000e+001  3.4664250e+005
  3.8000000e+003  2.7010503e+001  1.5007287e+002  7.0610737e+005  6.0000000e+001  4.5225837e+005
  3.8200000e+003  2.7021328e+001  1.5005388e+002  6.1474338e+005  6.0000000e+001  5.8186711e+005
  3.8400000e+003  2.7032034e+001  1.5003562e+002  5.4758647e+005  6.0000000e+001  7.2020460e+005
  3.8600000e+003  2.7042623e+001  1.5001844e+002  5.0885637e+005  6.0000000e+001  8.3558904e+005
  3.8800000e+003  2.7053097e+001  1.5000126e+002  5.0098664e+005  6.0000000e+001  8.8684475e+005
  3.9000000e+003  2.7063456e+001  1.4998202e+002  5.2447174e+005  6.0000000e+001  8.4481168e+005
  3.9200000e+003  2.7073701e+001  1.4995930e+002  5.7783604e+005  6.0000000e+001  7.1942014e+005
  3.9400000e+003  2.7083835e+001  1.4993514e+002  6.5772645e+005  6.0000000e+001  5.6177586e+005
  3.9600000e+003  2.7093857e+001  1.4991312e+002  7.5912316e+005  6.0000000e+001  4.2183020e+005
  3.9800000e+003  2.7103770e+001  1.4989479e+002  8.7565506e+005  6.0000000e+001  3.1659546e+005
  4.0000000e+003  2.7113575e+001  1.4988176e+002  1.0000000e+006  6.0000000e+001  2.4258111e+005
  4.0200000e+003  2.7123272e+001  1.4987618e+002  1.1243449e+006  6.0000000e+001  1.9183085e+005
  4.0400000e+003  2.7132863e+001  1.4987979e+002  1.2408768e+006  6.0000000e+001  1.5744033e+005
  4.0600000e+003  2.7142349e+001  1.4989329e+002  1.3422736e+006  6.0000000e+001  1.3447620e+005
  4.0800000e+003  2.7151732e+001  1.4991613e+002  1.4221640e+006  6.0000000e+001  1.1968565e+005
  4.1000000e+003  2.7161012e+001  1.4994652e+002  1.4755283e+006  6.0000000e+001  1.1104612e+005
  4.1200000e+003  2.7170190e+001  1.4998169e+002  1.4990134e+006  6.0000000e+001  1.0741631e+005
  4.1400000e+003  2.7179268e+001  1.5001824e+002  1.4911436e+006  6.0000000e+001  1.0832268e+005
  4.1600000e+003  2.7188246e+001  1.5005263e+002  1.4524135e+006  6.0000000e+001  1.1386570e+005
  4.1800000e+003  2.7197127e+001  1.5008156e+002  1.3852566e+006  6.0000000e+001  1.2473037e+005
  4.2000000e+003  2.7205910e+001  1.5010246e+002  1.2938926e+006  6.0000000e+001  1.4229424e+005
  4.2200000e+003  2.7214597e+001  1.5011378e+002  1.1840623e+006  6.0000000e+001  1.6882513e+005
  4.2400000e+003  2.7223189e+001  1.5011522e+002  1.0626666e+006  6.0000000e+001  2.0772056e+005
  4.2600000e+003  2.7231687e+001  1.5010778e+002  9.3733338e+005  6.0000000e+001  2.6360488e+005
  4.2800000e+003  2.7240092e+001  1.5009355e+002  8.1593772e+005  6.0000000e+001  3.4178254e+005
  4.3000000e+003  2.7248406e+001  1.5007519e+002  7.0610737e+005  6.0000000e+001  4.4608536e+005
  4.3200000e+003  2.7256628e+001  1.5005535e+002  6.1474338e+005  6.0000000e+001  5.7413813e+005
  4.3400000e+003  2.7264760e+001  1.5003582e+002  5.4758647e+005  6.0000000e+001  7.1084430e+005
  4.3600000e+003  2.7272803e+001  1.5001699e+002  5.0885637e+005  6.0000000e+001  8.2482096e+005
  4.3800000e+003  2.7280759e+001  1.4999774e+002  5.0098664e+005  6.0000000e+001  8.7529487e+005
  4.4000000e+003  2.7288627e+001  1.4997587e+002  5.2447174e+005  6.0000000e+001  8.3351835e+005
  4.4200000e+003  2.7296409e+001  1.4995006e+002  5.7783604e+005  6.0000000e+001  7.0957431e+005
  4.4400000e+003  2.7304106e+001  1.4992286e+002  6.5772645e+005  6.0000000e+001  5.5407230e+005
  4.4600000e+003  2.7311719e+001  1.4989834e+002  7.5912316e+005  6.0000000e+001  4.1611987e+005
  4.4800000e+003  2.7319249e+001  1.4987815e+002  8.7565506e+005  6.0000000e+001  3.1236827e+005
  4.5000000e+003  2.7326696e+001  1.4986392e+002  1.0000000e+006  6.0000000e+001  2.3937986e+005
  4.5200000e+003  2.7334062e+001  1.4985780e+002  1.1243449e+006  6.0000000e+001  1.8932589e+005
  4.5400000e+003  2.7341347e+001  1.4986148e+002  1.2408768e+006  6.0000000e+001  1.5540552e+005
  4.5600000e+003  2.7348552e+001  1.4987561e+002  1.3422736e+006  6.0000000e+001  1.3275641e+005
  4.5800000e+003  2.7355679e+001  1.4989956e+002  1.4221640e+006  6.0000000e+001  1.1817176e+005
  4.6000000e+003  2.7362728e+001  1.4993145e+002  1.4755283e+006  6.0000000e+001  1.0965763e+005
  4.6200000e+003  2.7369699e+001  1.4996844e+002  1.4990134e+006  6.0000000e+001  1.0608943e+005
  4.6400000e+003  2.7376595e+001  1.5000711e+002  1.4911436e+006  6.0000000e+001  1.0700161e+005
  4.6600000e+003  2.7383415e+001  1.5004384e+002  1.4524135e+006  6.0000000e+001  1.1249570e+005
  4.6800000e+003  2.7390160e+001  1.5007527e+002  1.3852566e+006  6.0000000e+001  1.2325110e+005
  4.7000000e+003  2.7396831e+001  1.5009871e+002  1.2938926e+006  6.0000000e+001  1.4063259e+005
  4.7200000e+003  2.7403430e+001  1.5011242e+002  1.1840623e+006  6.0000000e+001  1.6688663e+005
  4.7400000e+003  2.7409956e+001  1.5011582e+002  1.0626666e+006  6.0000000e+001  2.0537966e+005
  4.7600000e+003  2.7416411e+001  1.5010956e+002  9.3733338e+005  6.0000000e+001  2.6069625e+005
  4.7800000e+003  2.7422795e+001  1.5009535e+002  8.1593772e+005  6.0000000e+001  3.3810056e+005
  4.8000000e+003  2.7429110e+001  1.5007559e+002  7.0610737e+005  6.0000000e+001  4.4140470e+005
  4.8200000e+003  2.7435355e+001  1.5005281e+002  6.1474338e+005  6.0000000e+001  5.6826914e+005
  4.8400000e+003  2.7441532e+001  1.5002890e+002  5.4758647e+005  6.0000000e+001  7.0372264e+005
  4.8600000e+003  2.7447642e+001  1.5000431e+002  5.0885637e+005  6.0000000e+001  8.1660897e+005
  4.8800000e+003  2.7453684e+001  1.4997777e+002  5.0098664e+005  6.0000000e+001  8.6646255e+005
  4.9000000e+003  2.7459661e+001  1.4994680e+002  5.2447174e+005  6.0000000e+001  8.2485311e+005
  4.9200000e+003  2.7465572e+001  1.4991034e+002  5.7783604e+005  6.0000000e+001  7.0198621e+005
  4.9400000e+003  2.7471419e+001  1.4987268e+002  6.5772645e+005  6.0000000e+001  5.4810324e+005
  4.9600000e+003  2.7477201e+001  1.4983964e+002  7.5912316e+005  6.0000000e+001  4.1167293e+005
  4.9800000e+003  2.7482920e+001  1.4981323e+002  8.7565506e+005  6.0000000e+001  3.0906381e+005
  5.0000000e+003  2.7488577e+001  1.4979509e+002  1.0000000e+006  6.0000000e+001  2.3687113e+005
  5.0200000e+003  2.7494172e+001  1.4928304e+002  1.1243449e+006  6.0000000e+001  1.8681160e+005
  5.0400000e+003  2.7499706e+001  1.4753228e+002  1.2408768e+006  6.0000000e+001  1.5156032e+005
  5.0600000e+003  2.7505179e+001  1.5283972e+002  1.3422736e+006  6.0000000e+001  1.3384352e+005
  5.0800000e+003  2.7510592e+001  1.4979210e+002  1.4221640e+006  6.0000000e+001  1.1695127e+005
  5.1000000e+003  2.7515946e+001  1.4984365e+002  1.4755283e+006  6.0000000e+001  1.0855061e+005
  5.1200000e+003  2.7521241e+001  1.4990377e+002  1.4990134e+006  6.0000000e+001  1.0504590e+005
  5.1400000e+003  2.7526479e+001  1.4996792e+002  1.4911436e+006  6.0000000e+001  1.0597882e+005
  5.1600000e+003  2.7531659e+001  1.5003205e+002  1.4524135e+006  6.0000000e+001  1.1145345e+005
  5.1800000e+003  2.7536782e+001  1.5009211e+002  1.3852566e+006  6.0000000e+001  1.2214699e+005
  5.2000000e+003  2.7541850e+001  1.5014431e+002  1.2938926e+006  6.0000000e+001  1.3941691e+005
  5.2200000e+003  2.7546862e+001  1.5018540e+002  1.1840623e+006  6.0000000e+001  1.6549637e+005
  5.2400000e+003  2.7551819e+001  1.5021285e+002  1.0626666e+006  6.0000000e+001  2.0373139e+005
  5.2600000e+003  2.7556722e+001  1.5022525e+002  9.3733338e+005  6.0000000e+001  2.5867913e+005
  5.2800000e+003  2.7561571e+001  1.5022265e+002  8.1593772e+005  6.0000000e+001  3.3557396e+005
  5.3000000e+003  2.7566368e+001  1.5020946e+002  7.0610737e+005  6.0000000e+001  4.3820993e+005
  5.3200000e+003  2.7571112e+001  1.5369256e+002  6.1474338e+005  6.0000000e+001  5.7433713e+005
  5.3400000e+003  2.7575803e+001  1.5678396e+002  5.4758647e+005  6.0000000e+001  7.2370364e+005
  5.3600000e+003  2.7580444e+001  1.5007315e+002  5.0885637e+005  6.0000000e+001  8.0550876e+005
  5.3800000e+003  2.7585034e+001  1.5004847e+002  5.0098664e+005  6.0000000e+001  8.5999081e+005
  5.4000000e+003  2.7589574e+001  1.5001484e+002  5.2447174e+005  6.0000000e+001  8.1871247e+005
  5.4200000e+003  2.7594063e+001  1.4997815e+002  5.7783604e+005  6.0000000e+001  6.9665638e+005
  5.4400000e+003  2.7598504e+001  1.4994372e+002  6.5772645e+005  6.0000000e+001  5.4395708e+005
  5.4600000e+003  2.7602897e+001  1.4991711e+002  7.5912316e+005  6.0000000e+001  4.0862405e+005
  5.4800000e+003  2.7607241e+001  1.4989875e+002  8.7565506e+005  6.0000000e+001  3.0682791e+005
  5.5000000e+003  2.7611537e+001  1.4988885e+002  1.0000000e+006  6.0000000e+001  2.3519389e+005
  5.5200000e+003  2.7615787e+001  1.4988843e+002  1.1243449e+006  6.0000000e+001  1.8605904e+005
  5.5400000e+003  2.7619990e+001  1.4907767e+002  1.2408768e+006  6.0000000e+001  1.5195396e+005
  5.5600000e+003  2.7624147e+001  1.4832072e+002  1.3422736e+006  6.0000000e+001  1.2916087e+005
  5.5800000e+003  2.7628259e+001  1.5083542e+002  1.4221640e+006  6.0000000e+001  1.1700818e+005
  5.6000000e+003  2.7632326e+001  1.4997723e+002  1.4755283e+006  6.0000000e+001  1.0785582e+005
  5.6200000e+003  2.7636348e+001  1.5002981e+002  1.4990134e+006  6.0000000e+001  1.0437709e+005
  5.6400000e+003  2.7640326e+001  1.5008375e+002  1.4911436e+006  6.0000000e+001  1.0530606e+005
  5.6600000e+003  2.7644261e+001  1.5013452e+002  1.4524135e+006  6.0000000e+001  1.1074606e+005
  5.6800000e+003  2.7648153e+001  1.5017810e+002  1.3852566e+006  6.0000000e+001  1.2136987e+005
  5.7000000e+003  2.7652002e+001  1.5308717e+002  1.2938926e+006  6.0000000e+001  1.4104408e+005
  5.7200000e+003  2.7655809e+001  1.5765028e+002  1.1840623e+006  6.0000000e+001  1.7221913e+005
  5.7400000e+003  2.7659574e+001  1.5052409e+002  1.0626666e+006  6.0000000e+001  2.0222378e+005
  5.7600000e+003  2.7663298e+001  1.5015002e+002  9.3733338e+005  6.0000000e+001  2.5688901e+005
  5.7800000e+003  2.7666982e+001  1.5013382e+002  8.1593772e+005  6.0000000e+001  3.3327006e+005
  5.8000000e+003  2.7670625e+001  1.5011012e+002  7.0610737e+005  6.0000000e+001  4.3525729e+005
  5.8200000e+003  2.7674228e+001  1.5008475e+002  6.1474338e+005  6.0000000e+001  5.6056283e+005
  5.8400000e+003  2.7677792e+001  1.5006002e+002  5.4758647e+005  6.0000000e+001  6.9438825e+005
  5.8600000e+003  2.7681317e+001  1.5003671e+002  5.0885637e+005  6.0000000e+001  8.0588385e+005
  5.8800000e+003  2.7684803e+001  1.5001380e+002  5.0098664e+005  6.0000000e+001  8.5499370e+005
  5.9000000e+003  2.7688251e+001  1.4998920e+002  5.2447174e+005  6.0000000e+001  8.1369873e+005
  5.9200000e+003  2.7691662e+001  1.4996185e+002  5.7783604e+005  6.0000000e+001  6.9233482e+005
  5.9400000e+003  2.7695035e+001  1.4993461e+002  6.5772645e+005  6.0000000e+001  5.4061246e+005
  5.9600000e+003  2.7698371e+001  1.4991134e+002  7.5912316e+005  6.0000000e+001  4.0615803e+005
  5.9800000e+003  2.7701671e+001  1.4989317e+002  8.7565506e+005  6.0000000e+001  3.0500415e+005
  6.0000000e+003  2.7704935e+001  1.4988134e+002  1.0000000e+006  6.0000000e+001  2.3381029e+005
  6.0200000e+003  2.7708163e+001  1.4987767e+002  1.1243449e+006  6.0000000e+001  1.8497247e+005
  6.0400000e+003  2.7711355e+001  1.4988362e+002  1.2408768e+006  6.0000000e+001  1.5187184e+005
  6.0600000e+003  2.7714513e+001  1.4989966e+002  1.3422736e+006  6.0000000e+001  1.2977096e+005
  6.0800000e+003  2.7717636e+001  1.4992503e+002  1.4221640e+006  6.0000000e+001  1.1554373e+005
  6.1000000e+003  2.7720725e+001  1.4995779e+002  1.4755283e+006  6.0000000e+001  1.0724641e+005
  6.1200000e+003  2.7723780e+001  1.4999502e+002  1.4990134e+006  6.0000000e+001  1.0378342e+005
  6.1400000e+003  2.7726802e+001  1.5003322e+002  1.4911436e+006  6.0000000e+001  1.0470308e+005
  6.1600000e+003  2.7729791e+001  1.5006876e+002  1.4524135e+006  6.0000000e+001  1.1010836e+005
  6.1800000e+003  2.7732747e+001  1.5009826e+002  1.3852566e+006  6.0000000e+001  1.2066846e+005
  6.2000000e+003  2.7735670e+001  1.5011909e+002  1.2938926e+006  6.0000000e+001  1.3772514e+005
  6.2200000e+003  2.7738562e+001  1.5012971e+002  1.1840623e+006  6.0000000e+001  1.6348680e+005
  6.2400000e+003  2.7741422e+001  1.5012990e+002  1.0626666e+006  6.0000000e+001  2.0126484e+005
  6.2600000e+003  2.7744251e+001  1.5012080e+002  9.3733338e+005  6.0000000e+001  2.5557427e+005
  6.2800000e+003  2.7747049e+001  1.5010472e+002  8.1593772e+005  6.0000000e+001  3.3161048e+005
  6.3000000e+003  2.7749816e+001  1.5008463e+002  7.0610737e+005  6.0000000e+001  4.3315607e+005
  6.3200000e+003  2.7752553e+001  1.5006341e+002  6.1474338e+005  6.0000000e+001  5.5794300e+005
  6.3400000e+003  2.7755260e+001  1.5004303e+002  5.4758647e+005  6.0000000e+001  6.9123129e+005
  6.3600000e+003  2.7757937e+001  1.5002400e+002  5.0885637e+005  6.0000000e+001  8.0227310e+005
  6.3800000e+003  2.7760585e+001  1.5000523e+002  5.0098664e+005  6.0000000e+001  8.5114734e+005
  6.4000000e+003  2.7763205e+001  1.4998463e+002  5.2447174e+005  6.0000000e+001  8.0996876e+005
  6.4200000e+003  2.7765795e+001  1.4996091e+002  5.7783604e+005  6.0000000e+001  6.8911186e+005
  6.4400000e+003  2.7768357e+001  1.4993626e+002  6.5772645e+005  6.0000000e+001  5.3810777e+005
  6.4600000e+003  2.7770891e+001  1.4991414e+002  7.5912316e+005  6.0000000e+001  4.0430700e+005
  6.4800000e+003  2.7773398e+001  1.4989599e+002  8.7565506e+005  6.0000000e+001  3.0363485e+005
  6.5000000e+003  2.7775877e+001  1.4988342e+002  1.0000000e+006  6.0000000e+001  2.3277264e+005
  6.5200000e+003  2.7778328e+001  1.4987852e+002  1.1243449e+006  6.0000000e+001  1.8415920e+005
  6.5400000e+003  2.7780753e+001  1.4988300e+002  1.2408768e+006  6.0000000e+001  1.5120969e+005
  6.5600000e+003  2.7783152e+001  1.4989752e+002  1.3422736e+006  6.0000000e+001  1.2920979e+005
  6.5800000e+003  2.7785524e+001  1.4992143e+002  1.4221640e+006  6.0000000e+001  1.1504832e+005
  6.6000000e+003  2.7787871e+001  1.4995286e+002  1.4755283e+006  6.0000000e+001  1.0679069e+005
  6.6200000e+003  2.7790191e+001  1.4998893e+002  1.4990134e+006  6.0000000e+001  1.0334665e+005
  6.6400000e+003  2.7792486e+001  1.5002617e+002  1.4911436e+006  6.0000000e+001  1.0426697e+005
  6.6600000e+003  2.7794757e+001  1.5006090e+002  1.4524135e+006  6.0000000e+001  1.0965483e+005
  6.6800000e+003  2.7797002e+001  1.5008979e+002  1.3852566e+006  6.0000000e+001  1.2017744e+005
  6.7000000e+003  2.7799223e+001  1.5011020e+002  1.2938926e+006  6.0000000e+001  1.3717222e+005
  6.7200000e+003  2.7801419e+001  1.5012064e+002  1.1840623e+006  6.0000000e+001  1.6284040e+005
  6.7400000e+003  2.7803591e+001  1.5012091e+002  1.0626666e+006  6.0000000e+001  2.0048304e+005
  6.7600000e+003  2.7805740e+001  1.5011220e+002  9.3733338e+005  6.0000000e+001  2.5460215e+005
  6.7800000e+003  2.7807865e+001  1.5009683e+002  8.1593772e+005  6.0000000e+001  3.3038023e+005
  6.8000000e+003  2.7809967e+001  1.5007770e+002  7.0610737e+005  6.0000000e+001  4.3159433e+005
  6.8200000e+003  2.7812046e+001  1.5005762e+002  6.1474338e+005  6.0000000e+001  5.5598976e+005
  6.8400000e+003  2.7814102e+001  1.5003843e+002  5.4758647e+005  6.0000000e+001  6.8886982e+005
  6.8600000e+003  2.7816136e+001  1.5002054e+002  5.0885637e+005  6.0000000e+001  7.9956328e+005
  6.8800000e+003  2.7818147e+001  1.5000285e+002  5.0098664e+005  6.0000000e+001  8.4825135e+005
  6.9000000e+003  2.7820137e+001  1.4998325e+002  5.2447174e+005  6.0000000e+001  8.0715117e+005
  6.9200000e+003  2.7822104e+001  1.4996039e+002  5.7783604e+005  6.0000000e+001  6.8666897e+005
  6.9400000e+003  2.7824051e+001  1.4993625e+002  6.5772645e+005  6.0000000e+001  5.3620353e+005
  6.9600000e+003  2.7825975e+001  1.4991422e+002  7.5912316e+005  6.0000000e+001  4.0289705e+005
  6.9800000e+003  2.7827879e+001  1.4989583e+002  8.7565506e+005  6.0000000e+001  3.0259109e+005
  7.0000000e+003  2.7829762e+001  1.4988282e+002  1.0000000e+006  6.0000000e+001  2.3198180e+005
  7.0200000e+003  2.7831624e+001  1.4987740e+002  1.1243449e+006  6.0000000e+001  1.8353982e+005
  7.0400000e+003  2.7833466e+001  1.4988134e+002  1.2408768e+006  6.0000000e+001  1.5070597e+005
  7.0600000e+003  2.7835288e+001  1.4989536e+002  1.3422736e+006  6.0000000e+001  1.2878347e+005
  7.0800000e+003  2.7837090e+001  1.4991887e+002  1.4221640e+006  6.0000000e+001  1.1467249e+005
  7.1000000e+003  2.7838872e+001  1.4995000e+002  1.4755283e+006  6.0000000e+001  1.0644547e+005
  7.1200000e+003  2.7840635e+001  1.4998588e+002  1.4990134e+006  6.0000000e+001  1.0301625e+005
  7.1400000e+003  2.7842378e+001  1.5002302e+002  1.4911436e+006  6.0000000e+001  1.0393753e+005
  7.1600000e+003  2.7844103e+001  1.5005776e+002  1.4524135e+006  6.0000000e+001  1.0931269e+005
  7.1800000e+003  2.7845808e+001  1.5008674e+002  1.3852566e+006  6.0000000e+001  1.1980749e+005
  7.2000000e+003  2.7847495e+001  1.5010733e+002  1.2938926e+006  6.0000000e+001  1.3675610e+005
  7.2200000e+003  2.7849163e+001  1.5011801e+002  1.1840623e+006  6.0000000e+001  1.6235437e+005
  7.2400000e+003  2.7850814e+001  1.5011858e+002  1.0626666e+006  6.0000000e+001  1.9989556e+005
  7.2600000e+003  2.7852446e+001  1.5011020e+002  9.3733338e+005  6.0000000e+001  2.5387175e+005
  7.2800000e+003  2.7854060e+001  1.5009513e+002  8.1593772e+005  6.0000000e+001  3.2945550e+005
  7.3000000e+003  2.7855656e+001  1.5007625e+002  7.0610737e+005  6.0000000e+001  4.3041928e+005
  7.3200000e+003  2.7857235e+001  1.5005632e+002  6.1474338e+005  6.0000000e+001  5.5451797e+005
  7.3400000e+003  2.7858797e+001  1.5003716e+002  5.4758647e+005  6.0000000e+001  6.8708718e+005
  7.3600000e+003  2.7860342e+001  1.5001917e+002  5.0885637e+005  6.0000000e+001  7.9751351e+005
  7.3800000e+003  2.7861870e+001  1.5000121e+002  5.0098664e+005  6.0000000e+001  8.4605583e+005
  7.4000000e+003  2.7863381e+001  1.4998115e+002  5.2447174e+005  6.0000000e+001  8.0500954e+005
  7.4200000e+003  2.7864875e+001  1.4995763e+002  5.7783604e+005  6.0000000e+001  6.8480644e+005
  7.4400000e+003  2.7866354e+001  1.4993275e+002  6.5772645e+005  6.0000000e+001  5.3474712e+005
  7.4600000e+003  2.7867816e+001  1.4991000e+002  7.5912316e+005  6.0000000e+001  4.0181615e+005
  7.4800000e+003  2.7869262e+001  1.4989102e+002  8.7565506e+005  6.0000000e+001  3.0178985e+005
  7.5000000e+003  2.7870692e+001  1.4987757e+002  1.0000000e+006  6.0000000e+001  2.3137439e+005
  7.5200000e+003  2.7872107e+001  1.4987188e+002  1.1243449e+006  6.0000000e+001  1.8306418e+005
  7.5400000e+003  2.7873506e+001  1.4987574e+002  1.2408768e+006  6.0000000e+001  1.5031941e+005
  7.5600000e+003  2.7874890e+001  1.4988987e+002  1.3422736e+006  6.0000000e+001  1.2845668e+005
  7.5800000e+003  2.7876258e+001  1.4991365e+002  1.4221640e+006  6.0000000e+001  1.1438480e+005
  7.6000000e+003  2.7877612e+001  1.4994520e+002  1.4755283e+006  6.0000000e+001  1.0618166e+005
  7.6200000e+003  2.7878951e+001  1.4998165e+002  1.4990134e+006  6.0000000e+001  1.0276422e+005
  7.6400000e+003  2.7880275e+001  1.5001948e+002  1.4911436e+006  6.0000000e+001  1.0368674e+005
  7.6600000e+003  2.7881585e+001  1.5005504e+002  1.4524135e+006  6.0000000e+001  1.0905280e+005
  7.6800000e+003  2.7882880e+001  1.5008492e+002  1.3852566e+006  6.0000000e+001  1.1952712e+005
  7.7000000e+003  2.7884162e+001  1.5010646e+002  1.2938926e+006  6.0000000e+001  1.3644146e+005
  7.7200000e+003  2.7885429e+001  1.5011808e+002  1.1840623e+006  6.0000000e+001  1.6198767e+005
  7.7400000e+003  2.7886682e+001  1.5011948e+002  1.0626666e+006  6.0000000e+001  1.9945312e+005
  7.7600000e+003  2.7887922e+001  1.5011170e+002  9.3733338e+005  6.0000000e+001  2.5332230e+005
  7.7800000e+003  2.7889148e+001  1.5009689e+002  8.1593772e+005  6.0000000e+001  3.2876000e+005
  7.8000000e+003  2.7890361e+001  1.5007784e+002  7.0610737e+005  6.0000000e+001  4.2953469e+005
  7.8200000e+003  2.7891560e+001  1.5005727e+002  6.1474338e+005  6.0000000e+001  5.5340773e+005
  7.8400000e+003  2.7892746e+001  1.5003704e+002  5.4758647e+005  6.0000000e+001  6.8573843e+005
  7.8600000e+003  2.7893920e+001  1.5001756e+002  5.0885637e+005  6.0000000e+001  7.9595673e+005
  7.8800000e+003  2.7895080e+001  1.4999767e+002  5.0098664e+005  6.0000000e+001  8.4438046e+005
  7.9000000e+003  2.7896228e+001  1.4997515e+002  5.2447174e+005  6.0000000e+001  8.0336540e+005
  7.9200000e+003  2.7897363e+001  1.4994871e+002  5.7783604e+005  6.0000000e+001  6.8336563e+005
  7.9400000e+003  2.7898486e+001  1.4992095e+002  6.5772645e+005  6.0000000e+001  5.3361125e+005
  7.9600000e+003  2.7899597e+001  1.4989587e+002  7.5912316e+005  6.0000000e+001  4.0096746e+005
  7.9800000e+003  2.7900695e+001  1.4987519e+002  8.7565506e+005  6.0000000e+001  3.0115773e+005
  8.0000000e+003  2.7901781e+001  1.4986064e+002  1.0000000e+006  6.0000000e+001  2.3089373e+005
  8.0200000e+003  2.7902856e+001  1.4985445e+002  1.1243449e+006  6.0000000e+001  1.8268722e+005
  8.0400000e+003  2.7903918e+001  1.4985835e+002  1.2408768e+006  6.0000000e+001  1.5001299e+005
  8.0600000e+003  2.7904970e+001  1.4987298e+002  1.3422736e+006  6.0000000e+001  1.2819785e+005
  8.0800000e+003  2.7906009e+001  1.4989765e+002  1.4221640e+006  6.0000000e+001  1.1415735e+005
  8.1000000e+003  2.7907037e+001  1.4993044e+002  1.4755283e+006  6.0000000e+001  1.0597360e+005
  8.1200000e+003  2.7908054e+001  1.4996842e+002  1.4990134e+006  6.0000000e+001  1.0256611e+005
  8.1400000e+003  2.7909060e+001  1.5000807e+002  1.4911436e+006  6.0000000e+001  1.0349039e+005
  8.1600000e+003  2.7910055e+001  1.5004570e+002  1.4524135e+006  6.0000000e+001  1.0885027e+005
  8.1800000e+003  2.7911039e+001  1.5007787e+002  1.3852566e+006  6.0000000e+001  1.1930980e+005
  8.2000000e+003  2.7912012e+001  1.5010182e+002  1.2938926e+006  6.0000000e+001  1.3619900e+005
  8.2200000e+003  2.7912975e+001  1.5011578e+002  1.1840623e+006  6.0000000e+001  1.6170673e+005
  8.2400000e+003  2.7913927e+001  1.5011918e+002  1.0626666e+006  6.0000000e+001  1.9911585e+005
  8.2600000e+003  2.7914869e+001  1.5011269e+002  9.3733338e+005  6.0000000e+001  2.5290480e+005
  8.2800000e+003  2.7915800e+001  1.5009807e+002  8.1593772e+005  6.0000000e+001  3.2823160e+005
  8.3000000e+003  2.7916721e+001  1.5007779e+002  7.0610737e+005  6.0000000e+001  4.2886007e+005
  8.3200000e+003  2.7917632e+001  1.5005446e+002  6.1474338e+005  6.0000000e+001  5.5255417e+005
  8.3400000e+003  2.7918533e+001  1.5002998e+002  5.4758647e+005  6.0000000e+001  6.8468895e+005
  8.3600000e+003  2.7919424e+001  1.5000486e+002  5.0885637e+005  6.0000000e+001  7.9472619e+005
  8.3800000e+003  2.7920306e+001  1.4997778e+002  5.0098664e+005  6.0000000e+001  8.4302963e+005
  8.4000000e+003  2.7921178e+001  1.4994624e+002  5.2447174e+005  6.0000000e+001  8.0200575e+005
  8.4200000e+003  2.7922040e+001  1.4990926e+002  5.7783604e+005  6.0000000e+001  6.8213633e+005
  8.4400000e+003  2.7922893e+001  1.4987118e+002  6.5772645e+005  6.0000000e+001  5.3261005e+005
  8.4600000e+003  2.7923736e+001  1.4983773e+002  7.5912316e+005  6.0000000e+001  4.0019916e+005
  8.4800000e+003  2.7924571e+001  1.4981094e+002  8.7565506e+005  6.0000000e+001  3.0057438e+005
  8.5000000e+003  2.7925396e+001  1.4979257e+002  1.0000000e+006  6.0000000e+001  2.3044459e+005
  8.5200000e+003  2.7926212e+001  1.4915181e+002  1.1243449e+006  6.0000000e+001  1.8164255e+005
  8.5400000e+003  2.7927019e+001  1.4737863e+002  1.2408768e+006  6.0000000e+001  1.4738574e+005
  8.5600000e+003  2.7927818e+001  1.5076978e+002  1.3422736e+006  6.0000000e+001  1.2917746e+005
  8.5800000e+003  2.7928607e+001  1.4979009e+002  1.4221640e+006  6.0000000e+001  1.1391118e+005
  8.6000000e+003  2.7929388e+001  1.4984264e+002  1.4755283e+006  6.0000000e+001  1.0576054e+005
  8.6200000e+003  2.7930161e+001  1.4990346e+002  1.4990134e+006  6.0000000e+001  1.0237705e+005
  8.6400000e+003  2.7930925e+001  1.4996829e+002  1.4911436e+006  6.0000000e+001  1.0331855e+005
  8.6600000e+003  2.7931680e+001  1.5003301e+002  1.4524135e+006  6.0000000e+001  1.0869085e+005
  8.6800000e+003  2.7932428e+001  1.5009355e+002  1.3852566e+006  6.0000000e+001  1.1915944e+005
  8.7000000e+003  2.7933167e+001  1.5014610e+002  1.2938926e+006  6.0000000e+001  1.3605538e+005
  8.7200000e+003  2.7933898e+001  1.5018740e+002  1.1840623e+006  6.0000000e+001  1.6156810e+005
  8.7400000e+003  2.7934621e+001  1.5021492e+002  1.0626666e+006  6.0000000e+001  1.9898015e+005
  8.7600000e+003  2.7935337e+001  1.5022726e+002  9.3733338e+005  6.0000000e+001  2.5276814e+005
  8.7800000e+003  2.7936044e+001  1.5022447e+002  8.1593772e+005  6.0000000e+001  3.2808582e+005
  8.8000000e+003  2.7936744e+001  1.5020828e+002  7.0610737e+005  6.0000000e+001  4.2869018e+005
  8.8200000e+003  2.7937436e+001  1.5338664e+002  6.1474338e+005  6.0000000e+001  5.6121153e+005
  8.8400000e+003  2.7938120e+001  1.5649778e+002  5.4758647e+005  6.0000000e+001  7.0764873e+005
  8.8600000e+003  2.7938797e+001  1.5000100e+002  5.0885637e+005  6.0000000e+001  7.8702847e+005
  8.8800000e+003  2.7939467e+001  1.5004855e+002  5.0098664e+005  6.0000000e+001  8.4216174e+005
  8.9000000e+003  2.7940129e+001  1.5001424e+002  5.2447174e+005  6.0000000e+001  8.0138242e+005
  8.9200000e+003  2.7940784e+001  1.4997715e+002  5.7783604e+005  6.0000000e+001  6.8160498e+005
  8.9400000e+003  2.7941432e+001  1.4994242e+002  6.5772645e+005  6.0000000e+001  5.3221013e+005
  8.9600000e+003  2.7942072e+001  1.4991554e+002  7.5912316e+005  6.0000000e+001  3.9992372e+005
  8.9800000e+003  2.7942706e+001  1.4989697e+002  8.7565506e+005  6.0000000e+001  3.0038978e+005
  9.0000000e+003  2.7943333e+001  1.4988698e+002  1.0000000e+006  6.0000000e+001  2.3031979e+005
  9.0200000e+003  2.7943953e+001  1.4979853e+002  1.1243449e+006  6.0000000e+001  1.8217650e+005
  9.0400000e+003  2.7944566e+001  1.4889972e+002  1.2408768e+006  6.0000000e+001  1.4869848e+005
  9.0600000e+003  2.7945172e+001  1.4813059e+002  1.3422736e+006  6.0000000e+001  1.2640983e+005
  9.0800000e+003  2.7945772e+001  1.5016938e+002  1.4221640e+006  6.0000000e+001  1.1408812e+005
  9.1000000e+003  2.7946365e+001  1.4997671e+002  1.4755283e+006  6.0000000e+001  1.0573901e+005
  9.1200000e+003  2.7946952e+001  1.5003024e+002  1.4990134e+006  6.0000000e+001  1.0235261e+005
  9.1400000e+003  2.7947532e+001  1.5008485e+002  1.4911436e+006  6.0000000e+001  1.0328828e+005
  9.1600000e+003  2.7948106e+001  1.5013623e+002  1.4524135e+006  6.0000000e+001  1.0865091e+005
  9.1800000e+003  2.7948674e+001  1.5018034e+002  1.3852566e+006  6.0000000e+001  1.1910442e+005
  9.2000000e+003  2.7949236e+001  1.5256910e+002  1.2938926e+006  6.0000000e+001  1.3798759e+005
  9.2200000e+003  2.7949791e+001  1.5720146e+002  1.1840623e+006  6.0000000e+001  1.6862895e+005
  9.2400000e+003  2.7950340e+001  1.4987273e+002  1.0626666e+006  6.0000000e+001  1.9789393e+005
  9.2600000e+003  2.7950883e+001  1.5015795e+002  9.3733338e+005  6.0000000e+001  2.5241202e+005
  9.2800000e+003  2.7951421e+001  1.5013566e+002  8.1593772e+005  6.0000000e+001  3.2759538e+005
  9.3000000e+003  2.7951952e+001  1.5011166e+002  7.0610737e+005  6.0000000e+001  4.2804245e+005
  9.3200000e+003  2.7952478e+001  1.5008590e+002  6.1474338e+005  6.0000000e+001  5.5152253e+005
  9.3400000e+003  2.7952998e+001  1.5006080e+002  5.4758647e+005  6.0000000e+001  6.8343691e+005
  9.3600000e+003  2.7953512e+001  1.5003713e+002  5.0885637e+005  6.0000000e+001  7.9329278e+005
  9.3800000e+003  2.7954020e+001  1.5001388e+002  5.0098664e+005  6.0000000e+001  8.4151294e+005
  9.4000000e+003  2.7954523e+001  1.4998894e+002  5.2447174e+005  6.0000000e+001  8.0055986e+005
  9.4200000e+003  2.7955021e+001  1.4996127e+002  5.7783604e+005  6.0000000e+001  6.8092445e+005
  9.4400000e+003  2.7955513e+001  1.4993377e+002  6.5772645e+005  6.0000000e+001  5.3170717e+005
  9.4600000e+003  2.7956000e+001  1.4991025e+002  7.5912316e+005  6.0000000e+001  3.9956161e+005
  9.4800000e+003  2.7956481e+001  1.4989187e+002  8.7565506e+005  6.0000000e+001  3.0012245e+005
  9.5000000e+003  2.7956957e+001  1.4987991e+002  1.0000000e+006  6.0000000e+001  2.3011432e+005
  9.5200000e+003  2.7957428e+001  1.4987622e+002  1.1243449e+006  6.0000000e+001  1.8208080e+005
  9.5400000e+003  2.7957894e+001  1.4988227e+002  1.2408768e+006  6.0000000e+001  1.4952278e+005
  9.5600000e+003  2.7958354e+001  1.4989855e+002  1.3422736e+006  6.0000000e+001  1.2778505e+005
  9.5800000e+003  2.7958810e+001  1.4992426e+002  1.4221640e+006  6.0000000e+001  1.1379478e+005
  9.6000000e+003  2.7959261e+001  1.4995742e+002  1.4755283e+006  6.0000000e+001  1.0564129e+005
  9.6200000e+003  2.7959706e+001  1.4999510e+002  1.4990134e+006  6.0000000e+001  1.0224823e+005
  9.6400000e+003  2.7960147e+001  1.5003375e+002  1.4911436e+006  6.0000000e+001  1.0317306e+005
  9.6600000e+003  2.7960583e+001  1.5006969e+002  1.4524135e+006  6.0000000e+001  1.0851975e+005
  9.6800000e+003  2.7961014e+001  1.5009951e+002  1.3852566e+006  6.0000000e+001  1.1895077e+005
  9.7000000e+003  2.7961441e+001  1.5012057e+002  1.2938926e+006  6.0000000e+001  1.3579271e+005
  9.7200000e+003  2.7961863e+001  1.5013129e+002  1.1840623e+006  6.0000000e+001  1.6122881e+005
  9.7400000e+003  2.7962280e+001  1.5013146e+002  1.0626666e+006  6.0000000e+001  1.9853391e+005
  9.7600000e+003  2.7962692e+001  1.5012223e+002  9.3733338e+005  6.0000000e+001  2.5217657e+005
  9.7800000e+003  2.7963101e+001  1.5010595e+002  8.1593772e+005  6.0000000e+001  3.2730565e+005
  9.8000000e+003  2.7963504e+001  1.5008560e+002  7.0610737e+005  6.0000000e+001  4.2768235e+005
  9.8200000e+003  2.7963903e+001  1.5006412e+002  6.1474338e+005  6.0000000e+001  5.5108373e+005
  9.8400000e+003  2.7964298e+001  1.5004349e+002  5.4758647e+005  6.0000000e+001  6.8292151e+005
  9.8600000e+003  2.7964689e+001  1.5002423e+002  5.0885637e+005  6.0000000e+001  7.9271898e+005
  9.8800000e+003  2.7965075e+001  1.5000523e+002  5.0098664e+005  6.0000000e+001  8.4091875e+005
  9.9000000e+003  2.7965457e+001  1.4998441e+002  5.2447174e+005  6.0000000e+001  8.0000094e+005
  9.9200000e+003  2.7965835e+001  1.4996048e+002  5.7783604e+005  6.0000000e+001  6.8045665e+005
  9.9400000e+003  2.7966209e+001  1.4993564e+002  6.5772645e+005  6.0000000e+001  5.3135303e+005
  9.9600000e+003  2.7966579e+001  1.4991333e+002  7.5912316e+005  6.0000000e+001  3.9930329e+005
  9.9800000e+003  2.7966944e+001  1.4989501e+002  8.7565506e+005  6.0000000e+001  2.9993164e+005
  1.0000000e+004  2.7967306e+001  1.4988233e+002  1.0000000e+006  6.0000000e+001  2.2996882e+005

