  0.0000000e+000  0.0000000e+000  1.0000000e+000  0.0000000e+000
  2.0000000e+001  1.7232211e-002  1.0000000e+000  2.3153315e+002
  4.0000000e+001  1.9323572e-002  1.0000000e+000  2.4808937e+002
  6.0000000e+001  1.9341889e-002  1.0000000e+000  2.4746795e+002
  8.0000000e+001  1.9349768e-002  1.0000000e+000  2.4746489e+002
  1.0000000e+002  1.9360863e-002  1.0000000e+000  2.4747686e+002
  1.2000000e+002  1.9374513e-002  1.0000000e+000  2.4748934e+002
  1.4000000e+002  1.9390700e-002  1.0000000e+000  2.4750410e+002
  1.6000000e+002  1.9409450e-002  1.0000000e+000  2.4752122e+002
  1.8000000e+002  1.9430791e-002  1.0000000e+000  2.4754072e+002
  2.0000000e+002  1.9454755e-002  1.0000000e+000  2.4756263e+002
  2.2000000e+002  1.9481378e-002  1.0000000e+000  2.4758701e+002
  2.4000000e+002  1.9510700e-002  1.0000000e+000  2.4761390e+002
  2.6000000e+002  1.9542765e-002  1.0000000e+000  2.4764334e+002
  2.8000000e+002  1.9577622e-002  1.0000000e+000  2.4767540e+002
  3.0000000e+002  1.9615327e-002  1.0000000e+000  2.4771013e+002
  3.2000000e+002  1.9655936e-002  1.0000000e+000  2.4774761e+002
  3.4000000e+002  1.9699514e-002  1.0000000e+000  2.4778790e+002
  3.6000000e+002  1.9746131e-002  1.0000000e+000  2.4783110e+002
  3.8000000e+002  1.9795861e-002  1.0000000e+000  2.4787729e+002
  4.0000000e+002  1.9848785e-002  1.0000000e+000  2.4792655e+002
  4.2000000e+002  1.9904990e-002  1.0000000e+000  2.4797901e+002
  4.4000000e+002  1.9964570e-002  1.0000000e+000  2.4803477e+002
  4.6000000e+002  2.0027624e-002  1.0000000e+000  2.4809394e+002
  4.8000000e+002  2.0094262e-002  1.0000000e+000  2.4815666e+002
  5.0000000e+002  2.0164599e-002  1.0000000e+000  2.4822308e+002
  5.2000000e+002  2.1925235e-002  1.0000000e+000  2.5003030e+002
  5.4000000e+002  2.4252610e-002  1.0000000e+000  2.5245210e+002
  5.6000000e+002  2.5233569e-002  1.0000000e+000  2.5356701e+002
  5.8000000e+002  2.6204568e-002  1.0000000e+000  2.5471114e+002
  6.0000000e+002  2.7181325e-002  1.0000000e+000  2.5590009e+002
  6.2000000e+002  2.8164745e-002  1.0000000e+000  2.5713525e+002
  6.4000000e+002  2.9155477e-002  1.0000000e+000  2.5841768e+002
  6.6000000e+002  3.0154028e-002  1.0000000e+000  2.5974835e+002
  6.8000000e+002  3.1160813e-002  1.0000000e+000  2.6112814e+002
  7.0000000e+002  3.2176193e-002  1.0000000e+000  2.6255790e+002
  7.2000000e+002  3.2381015e-002  1.0000000e+000  2.6284242e+002
  7.4000000e+002  3.2539385e-002  1.0000000e+000  2.6306983e+002
  7.6000000e+002  3.2703813e-002  1.0000000e+000  2.6330710e+002
  7.8000000e+002  3.2874603e-002  1.0000000e+000  2.6355459e+002
  8.0000000e+002  3.3052076e-002  1.0000000e+000  2.6381288e+002
  8.2000000e+002  3.3236577e-002  1.0000000e+000  2.6408260e+002
  8.4000000e+002  3.3428474e-002  1.0000000e+000  2.6436443e+002
  8.6000000e+002  3.3628168e-002  1.0000000e+000  2.6465912e+002
  8.8000000e+002  3.3836085e-002  1.0000000e+000  2.6496746e+002
  9.0000000e+002  3.4052689e-002  1.0000000e+000  2.6529033e+002
  9.2000000e+002  3.4278475e-002  1.0000000e+000  2.6562865e+002
  9.4000000e+002  3.4513979e-002  1.0000000e+000  2.6598345e+002
  9.6000000e+002  3.4759778e-002  1.0000000e+000  2.6635586e+002
  9.8000000e+002  3.5016495e-002  1.0000000e+000  2.6674706e+002
  1.0000000e+003  3.5284800e-002  1.0000000e+000  2.6715839e+002
  1.0200000e+003  3.8201073e-002  1.0000000e+000  2.7182018e+002
  1.0400000e+003  4.1124871e-002  1.0000000e+000  2.7674230e+002
  1.0600000e+003  4.3728630e-002  1.0000000e+000  2.8134747e+002
  1.0800000e+003  4.5871078e-002  1.0000000e+000  2.8528464e+002
  1.1000000e+003  4.7439545e-002  1.0000000e+000  2.8824584e+002
  1.1200000e+003  4.8357764e-002  1.0000000e+000  2.9000546e+002
  1.1400000e+003  4.8591331e-002  1.0000000e+000  2.9044793e+002
  1.1600000e+003  4.8150481e-002  1.0000000e+000  2.8958133e+002
  1.1800000e+003  4.7090031e-002  1.0000000e+000  2.8753577e+002
  1.2000000e+003  4.5506521e-002  1.0000000e+000  2.8454696e+002
  1.2200000e+003  4.3532666e-002  1.0000000e+000  2.8092725e+002
  1.2400000e+003  4.1329217e-002  1.0000000e+000  2.7702755e+002
  1.2600000e+003  3.9074082e-002  1.0000000e+000  2.7319553e+002
  1.2800000e+003  3.6948148e-002  1.0000000e+000  2.6973609e+002
  1.3000000e+003  3.5117569e-002  1.0000000e+000  2.6688085e+002
  1.3200000e+003  3.3715334e-002  1.0000000e+000  2.6477413e+002
  1.3400000e+003  3.2830856e-002  1.0000000e+000  2.6348345e+002
  1.3600000e+003  3.2518187e-002  1.0000000e+000  2.6303786e+002
  1.3800000e+003  3.2823799e-002  1.0000000e+000  2.6348587e+002
  1.4000000e+003  3.3817999e-002  1.0000000e+000  2.6495318e+002
  1.4200000e+003  3.5590308e-002  1.0000000e+000  2.6765155e+002
  1.4400000e+003  3.8154113e-002  1.0000000e+000  2.7174278e+002
  1.4600000e+003  4.1352552e-002  1.0000000e+000  2.7714649e+002
  1.4800000e+003  4.4962913e-002  1.0000000e+000  2.8362527e+002
  1.5000000e+003  4.8790321e-002  1.0000000e+000  2.9090402e+002
  1.5200000e+003  5.2651712e-002  1.0000000e+000  2.9864397e+002
  1.5400000e+003  5.6249384e-002  1.0000000e+000  3.0538749e+002
  1.5600000e+003  6.0072422e-002  1.9999325e+000  2.4446895e+002
  1.5800000e+003  6.2664816e-002  2.0000000e+000  2.4661246e+002
  1.6000000e+003  6.4963875e-002  2.0000000e+000  2.5346958e+002
  1.6200000e+003  6.6549304e-002  2.0000000e+000  2.5824051e+002
  1.6400000e+003  6.7359436e-002  2.0000000e+000  2.6070132e+002
  1.6600000e+003  6.7374930e-002  2.0000000e+000  2.6077496e+002
  1.6800000e+003  6.6620116e-002  2.0000000e+000  2.5853463e+002
  1.7000000e+003  6.5162315e-002  2.0000000e+000  2.5419943e+002
  1.7200000e+003  6.3109019e-002  2.0000000e+000  2.4812092e+002
  1.7400000e+003  6.0602622e-002  2.0000000e+000  2.4075975e+002
  1.7600000e+003  5.7811970e-002  2.0000000e+000  2.3265070e+002
  1.7800000e+003  5.4919570e-002  2.0000000e+000  2.2435396e+002
  1.8000000e+003  5.2312140e-002  2.0000000e+000  2.2000000e+002
  1.8200000e+003  5.0135050e-002  2.0000000e+000  2.2000000e+002
  1.8400000e+003  4.7446844e-002  1.0000000e+000  2.8508595e+002
  1.8600000e+003  4.5479481e-002  1.0000000e+000  2.8450483e+002
  1.8800000e+003  4.4172962e-002  1.0000000e+000  2.8210426e+002
  1.9000000e+003  4.3481022e-002  1.0000000e+000  2.8086058e+002
  1.9200000e+003  4.3508382e-002  1.0000000e+000  2.8092104e+002
  1.9400000e+003  4.4283090e-002  1.0000000e+000  2.8233698e+002
  1.9600000e+003  4.5661616e-002  1.0000000e+000  2.8488950e+002
  1.9800000e+003  4.7435349e-002  1.0000000e+000  2.8824900e+002
  2.0000000e+003  4.9418783e-002  1.0000000e+000  2.9210549e+002
  2.0200000e+003  5.1435535e-002  1.0000000e+000  2.9613092e+002
  2.0400000e+003  5.3310743e-002  1.0000000e+000  2.9996353e+002
  2.0600000e+003  5.4827681e-002  1.0000000e+000  3.0271321e+002
  2.0800000e+003  5.5902214e-002  1.0000000e+000  3.0467231e+002
  2.1000000e+003  5.6422481e-002  1.0000000e+000  3.0562050e+002
  2.1200000e+003  5.6406071e-002  2.0000000e+000  2.2850425e+002
  2.1400000e+003  5.5590769e-002  2.0000000e+000  2.2618169e+002
  2.1600000e+003  5.4089873e-002  2.0000000e+000  2.2194086e+002
  2.1800000e+003  5.2088098e-002  2.0000000e+000  2.2000000e+002
  2.2000000e+003  4.9652487e-002  2.0000000e+000  2.2000000e+002
  2.2200000e+003  4.6091026e-002  1.0000000e+000  2.8682636e+002
  2.2400000e+003  4.2915197e-002  1.0000000e+000  2.7979984e+002
  2.2600000e+003  3.9558281e-002  1.0000000e+000  2.7399052e+002
  2.2800000e+003  3.6334801e-002  1.0000000e+000  2.6875263e+002
  2.3000000e+003  3.3414171e-002  1.0000000e+000  2.6431333e+002
  2.3200000e+003  3.0932802e-002  1.0000000e+000  2.6078212e+002
  2.3400000e+003  2.8982026e-002  1.0000000e+000  2.5816764e+002
  2.3600000e+003  2.7616238e-002  1.0000000e+000  2.5642525e+002
  2.3800000e+003  2.6881516e-002  1.0000000e+000  2.5552052e+002
  2.4000000e+003  2.6847245e-002  1.0000000e+000  2.5548450e+002
  2.4200000e+003  2.7597700e-002  1.0000000e+000  2.5642018e+002
  2.4400000e+003  2.9133000e-002  1.0000000e+000  2.5839624e+002
  2.4600000e+003  3.1287773e-002  1.0000000e+000  2.6131822e+002
  2.4800000e+003  3.3839096e-002  1.0000000e+000  2.6499821e+002
  2.5000000e+003  3.6588671e-002  1.0000000e+000  2.6922147e+002
  2.5200000e+003  3.9349154e-002  1.0000000e+000  2.7371751e+002
  2.5400000e+003  4.1937199e-002  1.0000000e+000  2.7815376e+002
  2.5600000e+003  4.4180005e-002  1.0000000e+000  2.8216188e+002
  2.5800000e+003  4.5925544e-002  1.0000000e+000  2.8538006e+002
  2.6000000e+003  4.7052544e-002  1.0000000e+000  2.8749880e+002
  2.6200000e+003  4.7478674e-002  1.0000000e+000  2.8830120e+002
  2.6400000e+003  4.7166231e-002  1.0000000e+000  2.8769165e+002
  2.6600000e+003  4.6124967e-002  1.0000000e+000  2.8570929e+002
  2.6800000e+003  4.4411905e-002  1.0000000e+000  2.8252470e+002
  2.7000000e+003  4.2128182e-002  1.0000000e+000  2.7841979e+002
  2.7200000e+003  3.9413057e-002  1.0000000e+000  2.7375261e+002
  2.7400000e+003  3.6435237e-002  1.0000000e+000  2.6891107e+002
  2.7600000e+003  3.3381402e-002  1.0000000e+000  2.6426183e+002
  2.7800000e+003  3.0441444e-002  1.0000000e+000  2.6010323e+002
  2.8000000e+003  2.7790101e-002  1.0000000e+000  2.5663215e+002
  2.8200000e+003  2.5567663e-002  1.0000000e+000  2.5393485e+002
  2.8400000e+003  2.3868667e-002  1.0000000e+000  2.5200785e+002
  2.8600000e+003  2.2749990e-002  1.0000000e+000  2.5080521e+002
  2.8800000e+003  2.2259748e-002  1.0000000e+000  2.5029701e+002
  2.9000000e+003  2.2468923e-002  1.0000000e+000  2.5051918e+002
  2.9200000e+003  2.3461474e-002  1.0000000e+000  2.5158153e+002
  2.9400000e+003  2.5234201e-002  1.0000000e+000  2.5357653e+002
  2.9600000e+003  2.7620033e-002  1.0000000e+000  2.5645999e+002
  2.9800000e+003  3.0396548e-002  1.0000000e+000  2.6009492e+002
  3.0000000e+003  3.3364241e-002  1.0000000e+000  2.6429917e+002
  3.0200000e+003  3.6333649e-002  1.0000000e+000  2.6882020e+002
  3.0400000e+003  3.9119268e-002  1.0000000e+000  2.7333245e+002
  3.0600000e+003  4.1546387e-002  1.0000000e+000  2.7746635e+002
  3.0800000e+003  4.3461474e-002  1.0000000e+000  2.8085344e+002
  3.1000000e+003  4.4742257e-002  1.0000000e+000  2.8317508e+002
  3.1200000e+003  4.5305995e-002  1.0000000e+000  2.8420509e+002
  3.1400000e+003  4.5115196e-002  1.0000000e+000  2.8383999e+002
  3.1600000e+003  4.4180443e-002  1.0000000e+000  2.8211309e+002
  3.1800000e+003  4.2560166e-002  1.0000000e+000  2.7919115e+002
  3.2000000e+003  4.0357413e-002  1.0000000e+000  2.7535344e+002
  3.2200000e+003  3.7713747e-002  1.0000000e+000  2.7095561e+002
  3.2400000e+003  3.4800445e-002  1.0000000e+000  2.6638219e+002
  3.2600000e+003  3.1806898e-002  1.0000000e+000  2.6199470e+002
  3.2800000e+003  2.8925714e-002  1.0000000e+000  2.5808457e+002
  3.3000000e+003  2.6334211e-002  1.0000000e+000  2.5484105e+002
  3.3200000e+003  2.4174949e-002  1.0000000e+000  2.5234384e+002
  3.3400000e+003  2.2544216e-002  1.0000000e+000  2.5058555e+002
  3.3600000e+003  2.1500102e-002  1.0000000e+000  2.4951952e+002
  3.3800000e+003  2.1091601e-002  1.0000000e+000  2.4911746e+002
  3.4000000e+003  2.1390244e-002  1.0000000e+000  2.4941816e+002
  3.4200000e+003  2.2479081e-002  1.0000000e+000  2.5053558e+002
  3.4400000e+003  2.4351804e-002  1.0000000e+000  2.5257044e+002
  3.4600000e+003  2.6839584e-002  1.0000000e+000  2.5549377e+002
  3.4800000e+003  2.9719832e-002  1.0000000e+000  2.5918325e+002
  3.5000000e+003  3.2791613e-002  1.0000000e+000  2.6346407e+002
  3.5200000e+003  3.5863394e-002  1.0000000e+000  2.6808476e+002
  3.5400000e+003  3.8747612e-002  1.0000000e+000  2.7271637e+002
  3.5600000e+003  4.1267725e-002  1.0000000e+000  2.7698286e+002
  3.5800000e+003  4.3268713e-002  1.0000000e+000  2.8050786e+002
  3.6000000e+003  4.4627251e-002  1.0000000e+000  2.8296485e+002
  3.6200000e+003  4.5260027e-002  1.0000000e+000  2.8412083e+002
  3.6400000e+003  4.5129493e-002  1.0000000e+000  2.8386729e+002
  3.6600000e+003  4.4246687e-002  1.0000000e+000  2.8223457e+002
  3.6800000e+003  4.2670972e-002  1.0000000e+000  2.7938839e+002
  3.7000000e+003  4.0506738e-002  1.0000000e+000  2.7560880e+002
  3.7200000e+003  3.7897222e-002  1.0000000e+000  2.7125352e+002
  3.7400000e+003  3.5015603e-002  1.0000000e+000  2.6671017e+002
  3.7600000e+003  3.2053296e-002  1.0000000e+000  2.6234393e+002
  3.7800000e+003  2.9204948e-002  1.0000000e+000  2.5845027e+002
  3.8000000e+003  2.6649829e-002  1.0000000e+000  2.5522262e+002
  3.8200000e+003  2.4532206e-002  1.0000000e+000  2.5274484e+002
  3.8400000e+003  2.2949683e-002  1.0000000e+000  2.5101368e+002
  3.8600000e+003  2.1961238e-002  1.0000000e+000  2.4998672e+002
  3.8800000e+003  2.1616492e-002  1.0000000e+000  2.4964095e+002
  3.9000000e+003  2.1987334e-002  1.0000000e+000  2.5002233e+002
  3.9200000e+003  2.3156045e-002  1.0000000e+000  2.5125303e+002
  3.9400000e+003  2.5113919e-002  1.0000000e+000  2.5343879e+002
  3.9600000e+003  2.7690804e-002  1.0000000e+000  2.5655047e+002
  3.9800000e+003  3.0663942e-002  1.0000000e+000  2.6046215e+002
  4.0000000e+003  3.3831277e-002  1.0000000e+000  2.6499199e+002
  4.0200000e+003  3.6999689e-002  1.0000000e+000  2.6987869e+002
  4.0400000e+003  3.9980051e-002  1.0000000e+000  2.7478181e+002
  4.0600000e+003  4.2594443e-002  1.0000000e+000  2.7931343e+002
  4.0800000e+003  4.4686741e-002  1.0000000e+000  2.8308602e+002
  4.1000000e+003  4.6132855e-002  1.0000000e+000  2.8576332e+002
  4.1200000e+003  4.6849097e-002  1.0000000e+000  2.8710445e+002
  4.1400000e+003  4.6797948e-002  1.0000000e+000  2.8699495e+002
  4.1600000e+003  4.5990883e-002  1.0000000e+000  2.8546119e+002
  4.1800000e+003  4.4488082e-002  1.0000000e+000  2.8266706e+002
  4.2000000e+003  4.2395088e-002  1.0000000e+000  2.7889312e+002
  4.2200000e+003  3.9856563e-002  1.0000000e+000  2.7450049e+002
  4.2400000e+003  3.7047302e-002  1.0000000e+000  2.6988363e+002
  4.2600000e+003  3.4160452e-002  1.0000000e+000  2.6541867e+002
  4.2800000e+003  3.1392429e-002  1.0000000e+000  2.6141598e+002
  4.3000000e+003  2.8924213e-002  1.0000000e+000  2.5808697e+002
  4.3200000e+003  2.6901623e-002  1.0000000e+000  2.5553434e+002
  4.3400000e+003  2.5423522e-002  1.0000000e+000  2.5377229e+002
  4.3600000e+003  2.4549830e-002  1.0000000e+000  2.5277398e+002
  4.3800000e+003  2.4330912e-002  1.0000000e+000  2.5253237e+002
  4.4000000e+003  2.4839202e-002  1.0000000e+000  2.5311321e+002
  4.4200000e+003  2.6156689e-002  1.0000000e+000  2.5466000e+002
  4.4400000e+003  2.8273211e-002  1.0000000e+000  2.5728658e+002
  4.4600000e+003  3.1018042e-002  1.0000000e+000  2.6094909e+002
  4.4800000e+003  3.4168698e-002  1.0000000e+000  2.6549687e+002
  4.5000000e+003  3.7522727e-002  1.0000000e+000  2.7072217e+002
  4.5200000e+003  4.0886309e-002  1.0000000e+000  2.7633731e+002
  4.5400000e+003  4.4069682e-002  1.0000000e+000  2.8197612e+002
  4.5600000e+003  4.6894468e-002  1.0000000e+000  2.8722726e+002
  4.5800000e+003  4.9204346e-002  1.0000000e+000  2.9168292e+002
  4.6000000e+003  5.0875331e-002  1.0000000e+000  2.9498982e+002
  4.6200000e+003  5.1824186e-002  1.0000000e+000  2.9689281e+002
  4.6400000e+003  5.2014210e-002  1.0000000e+000  2.9726533e+002
  4.6600000e+003  5.1458066e-002  1.0000000e+000  2.9612365e+002
  4.6800000e+003  5.0217480e-002  1.0000000e+000  2.9362395e+002
  4.7000000e+003  4.8399870e-002  1.0000000e+000  2.9004297e+002
  4.7200000e+003  4.6152054e-002  1.0000000e+000  2.8574433e+002
  4.7400000e+003  4.3651216e-002  1.0000000e+000  2.8113467e+002
  4.7600000e+003  4.1093050e-002  1.0000000e+000  2.7661522e+002
  4.7800000e+003  3.8676621e-002  1.0000000e+000  2.7253627e+002
  4.8000000e+003  3.6585578e-002  1.0000000e+000  2.6916225e+002
  4.8200000e+003  3.4968312e-002  1.0000000e+000  2.6665607e+002
  4.8400000e+003  3.3926029e-002  1.0000000e+000  2.6509158e+002
  4.8600000e+003  3.3520655e-002  1.0000000e+000  2.6449778e+002
  4.8800000e+003  3.3804228e-002  1.0000000e+000  2.6492510e+002
  4.9000000e+003  3.4850424e-002  1.0000000e+000  2.6650733e+002
  4.9200000e+003  3.6741516e-002  1.0000000e+000  2.6945877e+002
  4.9400000e+003  3.9466397e-002  1.0000000e+000  2.7391950e+002
  4.9600000e+003  4.2853354e-002  1.0000000e+000  2.7979297e+002
  4.9800000e+003  4.6678391e-002  1.0000000e+000  2.8683965e+002
  5.0000000e+003  5.0735618e-002  1.0000000e+000  2.9475977e+002
  5.0200000e+003  5.4774760e-002  1.0000000e+000  3.0268858e+002
  5.0400000e+003  5.8535151e-002  1.0000000e+000  3.0969879e+002
  5.0600000e+003  6.2638188e-002  1.9999630e+000  2.4937052e+002
  5.0800000e+003  6.5365442e-002  2.0000000e+000  2.5464112e+002
  5.1000000e+003  6.7747650e-002  2.0000000e+000  2.6181568e+002
  5.1200000e+003  6.9358544e-002  2.0000000e+000  2.6670751e+002
  5.1400000e+003  7.0135247e-002  2.0000000e+000  2.6908809e+002
  5.1600000e+003  7.0060994e-002  2.0000000e+000  2.6888918e+002
  5.1800000e+003  6.9166189e-002  2.0000000e+000  2.6620535e+002
  5.2000000e+003  6.7527210e-002  2.0000000e+000  2.6128758e+002
  5.2200000e+003  6.5262921e-002  2.0000000e+000  2.5452737e+002
  5.2400000e+003  6.2528651e-002  2.0000000e+000  2.4643054e+002
  5.2600000e+003  5.9507005e-002  2.0000000e+000  2.3757911e+002
  5.2800000e+003  5.6394390e-002  2.0000000e+000  2.2857962e+002
  5.3000000e+003  5.3382951e-002  2.0000000e+000  2.2007508e+002
  5.3200000e+003  5.1080311e-002  2.0000000e+000  2.2000000e+002
  5.3400000e+003  4.9079481e-002  2.0000000e+000  2.2000000e+002
  5.3600000e+003  4.6451869e-002  1.0000000e+000  2.8621405e+002
  5.3800000e+003  4.5102287e-002  1.0000000e+000  2.8381036e+002
  5.4000000e+003  4.4457253e-002  1.0000000e+000  2.8263463e+002
  5.4200000e+003  4.4584223e-002  1.0000000e+000  2.8287946e+002
  5.4400000e+003  4.5491008e-002  1.0000000e+000  2.8456614e+002
  5.4600000e+003  4.7022770e-002  1.0000000e+000  2.8745867e+002
  5.4800000e+003  4.8969563e-002  1.0000000e+000  2.9122428e+002
  5.5000000e+003  5.1136869e-002  1.0000000e+000  2.9553240e+002
  5.5200000e+003  5.3335280e-002  1.0000000e+000  3.0002208e+002
  5.5400000e+003  5.5307739e-002  1.0000000e+000  3.0360531e+002
  5.5600000e+003  5.6955956e-002  1.0000000e+000  3.0665024e+002
  5.5800000e+003  5.8346708e-002  1.9999994e+000  2.3592702e+002
  5.6000000e+003  5.8892311e-002  2.0000000e+000  2.3564051e+002
  5.6200000e+003  5.8784208e-002  2.0000000e+000  2.3535810e+002
  5.6400000e+003  5.7932502e-002  2.0000000e+000  2.3292152e+002
  5.6600000e+003  5.6347238e-002  2.0000000e+000  2.2838591e+002
  5.6800000e+003  5.4087679e-002  2.0000000e+000  2.2197179e+002
  5.7000000e+003  5.1449292e-002  2.0000000e+000  2.2000000e+002
  5.7200000e+003  4.8468949e-002  2.0000000e+000  2.2000000e+002
  5.7400000e+003  4.4559074e-002  1.0000000e+000  2.8255050e+002
  5.7600000e+003  4.0940647e-002  1.0000000e+000  2.7633691e+002
  5.7800000e+003  3.7524994e-002  1.0000000e+000  2.7064537e+002
  5.8000000e+003  3.4432506e-002  1.0000000e+000  2.6582710e+002
  5.8200000e+003  3.1809770e-002  1.0000000e+000  2.6200499e+002
  5.8400000e+003  2.9755503e-002  1.0000000e+000  2.5918839e+002
  5.8600000e+003  2.8328901e-002  1.0000000e+000  2.5732782e+002
  5.8800000e+003  2.7579260e-002  1.0000000e+000  2.5638443e+002
  5.9000000e+003  2.7577592e-002  1.0000000e+000  2.5638883e+002
  5.9200000e+003  2.8402948e-002  1.0000000e+000  2.5744267e+002
  5.9400000e+003  3.0040140e-002  1.0000000e+000  2.5960400e+002
  5.9600000e+003  3.2314928e-002  1.0000000e+000  2.6277135e+002
  5.9800000e+003  3.5002720e-002  1.0000000e+000  2.6675448e+002
  6.0000000e+003  3.7897689e-002  1.0000000e+000  2.7132435e+002
  6.0200000e+003  4.0802032e-002  1.0000000e+000  2.7618593e+002
  6.0400000e+003  4.3522027e-002  1.0000000e+000  2.8097669e+002
  6.0600000e+003  4.5875589e-002  1.0000000e+000  2.8529694e+002
  6.0800000e+003  4.7703057e-002  1.0000000e+000  2.8875612e+002
  6.1000000e+003  4.8877580e-002  1.0000000e+000  2.9102208e+002
  6.1200000e+003  4.9313576e-002  1.0000000e+000  2.9186382e+002
  6.1400000e+003  4.8972554e-002  1.0000000e+000  2.9118147e+002
  6.1600000e+003  4.7865919e-002  1.0000000e+000  2.8902008e+002
  6.1800000e+003  4.6054629e-002  1.0000000e+000  2.8556561e+002
  6.2000000e+003  4.3645732e-002  1.0000000e+000  2.8112311e+002
  6.2200000e+003  4.0785975e-002  1.0000000e+000  2.7607914e+002
  6.2400000e+003  3.7652632e-002  1.0000000e+000  2.7085206e+002
  6.2600000e+003  3.4441534e-002  1.0000000e+000  2.6583724e+002
  6.2800000e+003  3.1351795e-002  1.0000000e+000  2.6135623e+002
  6.3000000e+003  2.8566920e-002  1.0000000e+000  2.5762110e+002
  6.3200000e+003  2.6234821e-002  1.0000000e+000  2.5472436e+002
  6.3400000e+003  2.4455774e-002  1.0000000e+000  2.5266138e+002
  6.3600000e+003  2.3290375e-002  1.0000000e+000  2.5138145e+002
  6.3800000e+003  2.2789194e-002  1.0000000e+000  2.5085094e+002
  6.4000000e+003  2.3024376e-002  1.0000000e+000  2.5110588e+002
  6.4200000e+003  2.4075689e-002  1.0000000e+000  2.5225681e+002
  6.4400000e+003  2.5928132e-002  1.0000000e+000  2.5439119e+002
  6.4600000e+003  2.8407909e-002  1.0000000e+000  2.5746136e+002
  6.4800000e+003  3.1291111e-002  1.0000000e+000  2.6132882e+002
  6.5000000e+003  3.4372278e-002  1.0000000e+000  2.6580089e+002
  6.5200000e+003  3.7453809e-002  1.0000000e+000  2.7060634e+002
  6.5400000e+003  4.0342149e-002  1.0000000e+000  2.7539628e+002
  6.5600000e+003  4.2855389e-002  1.0000000e+000  2.7977637e+002
  6.5800000e+003  4.4834090e-002  1.0000000e+000  2.8335534e+002
  6.6000000e+003  4.6151680e-002  1.0000000e+000  2.8579654e+002
  6.6200000e+003  4.6722927e-002  1.0000000e+000  2.8686257e+002
  6.6400000e+003  4.6509761e-002  1.0000000e+000  2.8644655e+002
  6.6600000e+003  4.5524084e-002  1.0000000e+000  2.8458643e+002
  6.6800000e+003  4.3827411e-002  1.0000000e+000  2.8146102e+002
  6.7000000e+003  4.1527403e-002  1.0000000e+000  2.7736775e+002
  6.7200000e+003  3.8771447e-002  1.0000000e+000  2.7268450e+002
  6.7400000e+003  3.5737478e-002  1.0000000e+000  2.6781945e+002
  6.7600000e+003  3.2621982e-002  1.0000000e+000  2.6315621e+002
  6.7800000e+003  2.9624709e-002  1.0000000e+000  2.5900390e+002
  6.8000000e+003  2.6929758e-002  1.0000000e+000  2.5556304e+002
  6.8200000e+003  2.4685575e-002  1.0000000e+000  2.5291764e+002
  6.8400000e+003  2.2992882e-002  1.0000000e+000  2.5105901e+002
  6.8600000e+003  2.1912628e-002  1.0000000e+000  2.4993659e+002
  6.8800000e+003  2.1495681e-002  1.0000000e+000  2.4951915e+002
  6.9000000e+003  2.1814407e-002  1.0000000e+000  2.4984567e+002
  6.9200000e+003  2.2948548e-002  1.0000000e+000  2.5103107e+002
  6.9400000e+003  2.4882757e-002  1.0000000e+000  2.5317294e+002
  6.9600000e+003  2.7443108e-002  1.0000000e+000  2.5624014e+002
  6.9800000e+003  3.0405755e-002  1.0000000e+000  2.6010922e+002
  7.0000000e+003  3.3565111e-002  1.0000000e+000  2.6459730e+002
  7.0200000e+003  3.6723360e-002  1.0000000e+000  2.6943851e+002
  7.0400000e+003  3.9686728e-002  1.0000000e+000  2.7428579e+002
  7.0600000e+003  4.2273129e-002  1.0000000e+000  2.7874385e+002
  7.0800000e+003  4.4322999e-002  1.0000000e+000  2.8241860e+002
  7.1000000e+003  4.5709706e-002  1.0000000e+000  2.8496951e+002
  7.1200000e+003  4.6348034e-002  1.0000000e+000  2.8615492e+002
  7.1400000e+003  4.6200007e-002  1.0000000e+000  2.8586369e+002
  7.1600000e+003  4.5277694e-002  1.0000000e+000  2.8412975e+002
  7.1800000e+003  4.3642850e-002  1.0000000e+000  2.8112816e+002
  7.2000000e+003  4.1403433e-002  1.0000000e+000  2.7715297e+002
  7.2200000e+003  3.8707178e-002  1.0000000e+000  2.7257906e+002
  7.2400000e+003  3.5732397e-002  1.0000000e+000  2.6781223e+002
  7.2600000e+003  3.2675971e-002  1.0000000e+000  2.6323467e+002
  7.2800000e+003  2.9738049e-002  1.0000000e+000  2.5915541e+002
  7.3000000e+003  2.7103112e-002  1.0000000e+000  2.5577654e+002
  7.3200000e+003  2.4919954e-002  1.0000000e+000  2.5318526e+002
  7.3400000e+003  2.3289586e-002  1.0000000e+000  2.5137736e+002
  7.3600000e+003  2.2273179e-002  1.0000000e+000  2.5030754e+002
  7.3800000e+003  2.1921779e-002  1.0000000e+000  2.4995062e+002
  7.4000000e+003  2.2307885e-002  1.0000000e+000  2.5035284e+002
  7.4200000e+003  2.3511195e-002  1.0000000e+000  2.5163709e+002
  7.4400000e+003  2.5516100e-002  1.0000000e+000  2.5390664e+002
  7.4600000e+003  2.8148588e-002  1.0000000e+000  2.5713066e+002
  7.4800000e+003  3.1184871e-002  1.0000000e+000  2.6118230e+002
  7.5000000e+003  3.4419290e-002  1.0000000e+000  2.6587341e+002
  7.5200000e+003  3.7653895e-002  1.0000000e+000  2.7093147e+002
  7.5400000e+003  4.0694793e-002  1.0000000e+000  2.7600199e+002
  7.5600000e+003  4.3359808e-002  1.0000000e+000  2.8068224e+002
  7.5800000e+003  4.5489331e-002  1.0000000e+000  2.8457107e+002
  7.6000000e+003  4.6956739e-002  1.0000000e+000  2.8732152e+002
  7.6200000e+003  4.7676889e-002  1.0000000e+000  2.8868609e+002
  7.6400000e+003  4.7611940e-002  1.0000000e+000  2.8854833e+002
  7.6600000e+003  4.6774164e-002  1.0000000e+000  2.8693741e+002
  7.6800000e+003  4.5225585e-002  1.0000000e+000  2.8402433e+002
  7.7000000e+003  4.3074487e-002  1.0000000e+000  2.8010032e+002
  7.7200000e+003  4.0468986e-002  1.0000000e+000  2.7553957e+002
  7.7400000e+003  3.7587819e-002  1.0000000e+000  2.7075041e+002
  7.7600000e+003  3.4628326e-002  1.0000000e+000  2.6612195e+002
  7.7800000e+003  3.1791137e-002  1.0000000e+000  2.6197504e+002
  7.8000000e+003  2.9261229e-002  1.0000000e+000  2.5852791e+002
  7.8200000e+003  2.7187885e-002  1.0000000e+000  2.5588615e+002
  7.8400000e+003  2.5672578e-002  1.0000000e+000  2.5406360e+002
  7.8600000e+003  2.4776904e-002  1.0000000e+000  2.5303156e+002
  7.8800000e+003  2.4552310e-002  1.0000000e+000  2.5278167e+002
  7.9000000e+003  2.5071674e-002  1.0000000e+000  2.5338005e+002
  7.9200000e+003  2.6414984e-002  1.0000000e+000  2.5497052e+002
  7.9400000e+003  2.8566814e-002  1.0000000e+000  2.5766438e+002
  7.9600000e+003  3.1353509e-002  1.0000000e+000  2.6141614e+002
  7.9800000e+003  3.4551759e-002  1.0000000e+000  2.6607433e+002
  8.0000000e+003  3.7956330e-002  1.0000000e+000  2.7142608e+002
  8.0200000e+003  4.1369702e-002  1.0000000e+000  2.7717483e+002
  8.0400000e+003  4.4598458e-002  1.0000000e+000  2.8294352e+002
  8.0600000e+003  4.7460963e-002  1.0000000e+000  2.8830947e+002
  8.0800000e+003  4.9798222e-002  1.0000000e+000  2.9285457e+002
  8.1000000e+003  5.1484310e-002  1.0000000e+000  2.9621751e+002
  8.1200000e+003  5.2434871e-002  1.0000000e+000  2.9813821e+002
  8.1400000e+003  5.2612955e-002  1.0000000e+000  2.9848868e+002
  8.1600000e+003  5.2031833e-002  1.0000000e+000  2.9728732e+002
  8.1800000e+003  5.0754635e-002  1.0000000e+000  2.9469565e+002
  8.2000000e+003  4.8890873e-002  1.0000000e+000  2.9099836e+002
  8.2200000e+003  4.6590004e-002  1.0000000e+000  2.8656880e+002
  8.2400000e+003  4.4032216e-002  1.0000000e+000  2.8182392e+002
  8.2600000e+003  4.1416410e-002  1.0000000e+000  2.7717471e+002
  8.2800000e+003  3.8944865e-002  1.0000000e+000  2.7297951e+002
  8.3000000e+003  3.6804283e-002  1.0000000e+000  2.6950830e+002
  8.3200000e+003  3.5145701e-002  1.0000000e+000  2.6692684e+002
  8.3400000e+003  3.4072322e-002  1.0000000e+000  2.6530954e+002
  8.3600000e+003  3.3647358e-002  1.0000000e+000  2.6468481e+002
  8.3800000e+003  3.3923682e-002  1.0000000e+000  2.6510278e+002
  8.4000000e+003  3.4975324e-002  1.0000000e+000  2.6669791e+002
  8.4200000e+003  3.6883053e-002  1.0000000e+000  2.6968412e+002
  8.4400000e+003  3.9631810e-002  1.0000000e+000  2.7419791e+002
  8.4600000e+003  4.3047729e-002  1.0000000e+000  2.8014084e+002
  8.4800000e+003  4.6906271e-002  1.0000000e+000  2.8727303e+002
  8.5000000e+003  5.0999552e-002  1.0000000e+000  2.9529066e+002
  8.5200000e+003  5.5063287e-002  1.0000000e+000  3.0321229e+002
  8.5400000e+003  5.8854846e-002  1.0000000e+000  3.1031134e+002
  8.5600000e+003  6.2722667e-002  1.9999982e+000  2.4782718e+002
  8.5800000e+003  6.5748937e-002  2.0000000e+000  2.5578738e+002
  8.6000000e+003  6.8145362e-002  2.0000000e+000  2.6301440e+002
  8.6200000e+003  6.9762287e-002  2.0000000e+000  2.6793050e+002
  8.6400000e+003  7.0537021e-002  2.0000000e+000  2.7030781e+002
  8.6600000e+003  7.0453525e-002  2.0000000e+000  2.7008041e+002
  8.6800000e+003  6.9543382e-002  2.0000000e+000  2.6734678e+002
  8.7000000e+003  6.7884450e-002  2.0000000e+000  2.6236289e+002
  8.7200000e+003  6.5597222e-002  2.0000000e+000  2.5552579e+002
  8.7400000e+003  6.2838676e-002  2.0000000e+000  2.4734692e+002
  8.7600000e+003  5.9793009e-002  2.0000000e+000  2.3841375e+002
  8.7800000e+003  5.6658135e-002  2.0000000e+000  2.2933788e+002
  8.8000000e+003  5.3627144e-002  2.0000000e+000  2.2069061e+002
  8.8200000e+003  5.1274695e-002  2.0000000e+000  2.2000000e+002
  8.8400000e+003  4.9268864e-002  2.0000000e+000  2.2000000e+002
  8.8600000e+003  4.6676445e-002  1.0000000e+000  2.8669974e+002
  8.8800000e+003  4.5324777e-002  1.0000000e+000  2.8422211e+002
  8.9000000e+003  4.4690578e-002  1.0000000e+000  2.8306276e+002
  8.9200000e+003  4.4835323e-002  1.0000000e+000  2.8334134e+002
  8.9400000e+003  4.5763695e-002  1.0000000e+000  2.8507508e+002
  8.9600000e+003  4.7319528e-002  1.0000000e+000  2.8802556e+002
  8.9800000e+003  4.9292714e-002  1.0000000e+000  2.9185892e+002
  9.0000000e+003  5.1487403e-002  1.0000000e+000  2.9624081e+002
  9.0200000e+003  5.3701942e-002  1.0000000e+000  3.0070887e+002
  9.0400000e+003  5.5693654e-002  1.0000000e+000  3.0431574e+002
  9.0600000e+003  5.7360197e-002  1.0000000e+000  3.0740973e+002
  9.0800000e+003  5.8744296e-002  2.0000000e+000  2.3537517e+002
  9.1000000e+003  5.9330824e-002  2.0000000e+000  2.3691697e+002
  9.1200000e+003  5.9220980e-002  2.0000000e+000  2.3662907e+002
  9.1400000e+003  5.8359748e-002  2.0000000e+000  2.3415974e+002
  9.1600000e+003  5.6757572e-002  2.0000000e+000  2.2956577e+002
  9.1800000e+003  5.4474557e-002  2.0000000e+000  2.2307079e+002
  9.2000000e+003  5.1775305e-002  2.0000000e+000  2.2000000e+002
  9.2200000e+003  4.8768556e-002  2.0000000e+000  2.2000000e+002
  9.2400000e+003  4.4803659e-002  1.0000000e+000  2.8495820e+002
  9.2600000e+003  4.1197607e-002  1.0000000e+000  2.7676713e+002
  9.2800000e+003  3.7748310e-002  1.0000000e+000  2.7100589e+002
  9.3000000e+003  3.4626366e-002  1.0000000e+000  2.6611945e+002
  9.3200000e+003  3.1979204e-002  1.0000000e+000  2.6224454e+002
  9.3400000e+003  2.9906700e-002  1.0000000e+000  2.5939059e+002
  9.3600000e+003  2.8468789e-002  1.0000000e+000  2.5750730e+002
  9.3800000e+003  2.7715232e-002  1.0000000e+000  2.5655500e+002
  9.4000000e+003  2.7717220e-002  1.0000000e+000  2.5656408e+002
  9.4200000e+003  2.8552890e-002  1.0000000e+000  2.5763582e+002
  9.4400000e+003  3.0204733e-002  1.0000000e+000  2.5982647e+002
  9.4600000e+003  3.2497225e-002  1.0000000e+000  2.6303327e+002
  9.4800000e+003  3.5205377e-002  1.0000000e+000  2.6706519e+002
  9.5000000e+003  3.8122107e-002  1.0000000e+000  2.7169058e+002
  9.5200000e+003  4.1047964e-002  1.0000000e+000  2.7661037e+002
  9.5400000e+003  4.3787602e-002  1.0000000e+000  2.8145712e+002
  9.5600000e+003  4.6157487e-002  1.0000000e+000  2.8582616e+002
  9.5800000e+003  4.7996770e-002  1.0000000e+000  2.8932241e+002
  9.6000000e+003  4.9177740e-002  1.0000000e+000  2.9161019e+002
  9.6200000e+003  4.9614321e-002  1.0000000e+000  2.9245636e+002
  9.6400000e+003  4.9267913e-002  1.0000000e+000  2.9176049e+002
  9.6600000e+003  4.8150195e-002  1.0000000e+000  2.8956865e+002
  9.6800000e+003  4.6322751e-002  1.0000000e+000  2.8606927e+002
  9.7000000e+003  4.3893565e-002  1.0000000e+000  2.8157115e+002
  9.7200000e+003  4.1010555e-002  1.0000000e+000  2.7646538e+002
  9.7400000e+003  3.7852334e-002  1.0000000e+000  2.7117520e+002
  9.7600000e+003  3.4616157e-002  1.0000000e+000  2.6610054e+002
  9.7800000e+003  3.1502566e-002  1.0000000e+000  2.6156672e+002
  9.8000000e+003  2.8696418e-002  1.0000000e+000  2.5778824e+002
  9.8200000e+003  2.6346799e-002  1.0000000e+000  2.5485863e+002
  9.8400000e+003  2.4554868e-002  1.0000000e+000  2.5277308e+002
  9.8600000e+003  2.3381787e-002  1.0000000e+000  2.5148013e+002
  9.8800000e+003  2.2878486e-002  1.0000000e+000  2.5094552e+002
  9.9000000e+003  2.3117249e-002  1.0000000e+000  2.5120523e+002
  9.9200000e+003  2.4177149e-002  1.0000000e+000  2.5236985e+002
  9.9400000e+003  2.6041426e-002  1.0000000e+000  2.5452603e+002
  9.9600000e+003  2.8535315e-002  1.0000000e+000  2.5762556e+002
  9.9800000e+003  3.1434601e-002  1.0000000e+000  2.6152951e+002
  1.0000000e+004  3.4532874e-002  1.0000000e+000  2.6604346e+002

