  0.0000000e+000  0.0000000e+000  5.0000000e-002  0.0000000e+000
  2.0000000e+001  1.7232211e-002  5.0000000e-002  0.0000000e+000
  4.0000000e+001  1.9323572e-002  5.0000000e-002  0.0000000e+000
  6.0000000e+001  1.9341889e-002  5.0000000e-002  0.0000000e+000
  8.0000000e+001  1.9349768e-002  5.0000000e-002  0.0000000e+000
  1.0000000e+002  1.9360863e-002  5.0000000e-002  0.0000000e+000
  1.2000000e+002  1.9374513e-002  5.0000000e-002  0.0000000e+000
  1.4000000e+002  1.9390700e-002  5.0000000e-002  0.0000000e+000
  1.6000000e+002  1.9409450e-002  5.0000000e-002  0.0000000e+000
  1.8000000e+002  1.9430791e-002  5.0000000e-002  0.0000000e+000
  2.0000000e+002  1.9454755e-002  5.0000000e-002  0.0000000e+000
  2.2000000e+002  1.9481378e-002  5.0000000e-002  0.0000000e+000
  2.4000000e+002  1.9510700e-002  5.0000000e-002  0.0000000e+000
  2.6000000e+002  1.9542765e-002  5.0000000e-002  0.0000000e+000
  2.8000000e+002  1.9577622e-002  5.0000000e-002  0.0000000e+000
  3.0000000e+002  1.9615327e-002  5.0000000e-002  0.0000000e+000
  3.2000000e+002  1.9655936e-002  5.0000000e-002  0.0000000e+000
  3.4000000e+002  1.9699514e-002  0.0000000e+000  0.0000000e+000
  3.6000000e+002  1.9746131e-002  0.0000000e+000  0.0000000e+000
  3.8000000e+002  1.9795861e-002  0.0000000e+000  0.0000000e+000
  4.0000000e+002  1.9848785e-002  0.0000000e+000  0.0000000e+000
  4.2000000e+002  1.9904990e-002  0.0000000e+000  0.0000000e+000
  4.4000000e+002  1.9964570e-002  0.0000000e+000  0.0000000e+000
  4.6000000e+002  2.0027624e-002  0.0000000e+000  0.0000000e+000
  4.8000000e+002  2.0094262e-002  0.0000000e+000  0.0000000e+000
  5.0000000e+002  2.0164599e-002  0.0000000e+000  0.0000000e+000
  5.2000000e+002  2.1925235e-002  0.0000000e+000  0.0000000e+000
  5.4000000e+002  2.4252610e-002  0.0000000e+000  0.0000000e+000
  5.6000000e+002  2.5233569e-002  0.0000000e+000  0.0000000e+000
  5.8000000e+002  2.6204568e-002  0.0000000e+000  0.0000000e+000
  6.0000000e+002  2.7181325e-002  0.0000000e+000  0.0000000e+000
  6.2000000e+002  2.8164745e-002  0.0000000e+000  0.0000000e+000
  6.4000000e+002  2.9155477e-002  0.0000000e+000  0.0000000e+000
  6.6000000e+002  3.0154028e-002  0.0000000e+000  0.0000000e+000
  6.8000000e+002  3.1160813e-002  0.0000000e+000  0.0000000e+000
  7.0000000e+002  3.2176193e-002  0.0000000e+000  0.0000000e+000
  7.2000000e+002  3.2381015e-002  0.0000000e+000  0.0000000e+000
  7.4000000e+002  3.2539385e-002  0.0000000e+000  0.0000000e+000
  7.6000000e+002  3.2703813e-002  0.0000000e+000  0.0000000e+000
  7.8000000e+002  3.2874603e-002  0.0000000e+000  0.0000000e+000
  8.0000000e+002  3.3052076e-002  0.0000000e+000  0.0000000e+000
  8.2000000e+002  3.3236577e-002  0.0000000e+000  0.0000000e+000
  8.4000000e+002  3.3428474e-002  0.0000000e+000  0.0000000e+000
  8.6000000e+002  3.3628168e-002  0.0000000e+000  0.0000000e+000
  8.8000000e+002  3.3836085e-002  0.0000000e+000  0.0000000e+000
  9.0000000e+002  3.4052689e-002  0.0000000e+000  0.0000000e+000
  9.2000000e+002  3.4278475e-002  0.0000000e+000  0.0000000e+000
  9.4000000e+002  3.4513979e-002  0.0000000e+000  0.0000000e+000
  9.6000000e+002  3.4759778e-002  0.0000000e+000  0.0000000e+000
  9.8000000e+002  3.5016495e-002  0.0000000e+000  0.0000000e+000
  1.0000000e+003  3.5284800e-002  0.0000000e+000  0.0000000e+000
  1.0200000e+003  3.8201073e-002  0.0000000e+000  0.0000000e+000
  1.0400000e+003  4.1124871e-002  0.0000000e+000  0.0000000e+000
  1.0600000e+003  4.3728630e-002  0.0000000e+000  0.0000000e+000
  1.0800000e+003  4.5871078e-002  0.0000000e+000  0.0000000e+000
  1.1000000e+003  4.7439545e-002  0.0000000e+000  0.0000000e+000
  1.1200000e+003  4.8357764e-002  0.0000000e+000  0.0000000e+000
  1.1400000e+003  4.8591331e-002  0.0000000e+000  4.9251453e-002
  1.1600000e+003  4.8150481e-002  0.0000000e+000  5.0000000e-002
  1.1800000e+003  4.7090031e-002  0.0000000e+000  5.0000000e-002
  1.2000000e+003  4.5506521e-002  0.0000000e+000  5.0000000e-002
  1.2200000e+003  4.3532666e-002  0.0000000e+000  5.0000000e-002
  1.2400000e+003  4.1329217e-002  0.0000000e+000  5.0000000e-002
  1.2600000e+003  3.9074082e-002  0.0000000e+000  5.0000000e-002
  1.2800000e+003  3.6948148e-002  0.0000000e+000  5.0000000e-002
  1.3000000e+003  3.5117569e-002  0.0000000e+000  5.0000000e-002
  1.3200000e+003  3.3715334e-002  0.0000000e+000  5.0000000e-002
  1.3400000e+003  3.2830856e-002  0.0000000e+000  5.0000000e-002
  1.3600000e+003  3.2518187e-002  0.0000000e+000  5.0000000e-002
  1.3800000e+003  3.2823799e-002  0.0000000e+000  5.0000000e-002
  1.4000000e+003  3.3817999e-002  0.0000000e+000  5.0000000e-002
  1.4200000e+003  3.5590308e-002  0.0000000e+000  5.0000000e-002
  1.4400000e+003  3.8154113e-002  0.0000000e+000  5.0000000e-002
  1.4600000e+003  4.1352552e-002  0.0000000e+000  5.0000000e-002
  1.4800000e+003  4.4962913e-002  0.0000000e+000  5.0000000e-002
  1.5000000e+003  4.8790321e-002  0.0000000e+000  5.0000000e-002
  1.5200000e+003  5.2651712e-002  0.0000000e+000  5.0000000e-002
  1.5400000e+003  5.6249384e-002  0.0000000e+000  5.0000000e-002
  1.5600000e+003  6.0072422e-002  0.0000000e+000  5.0000000e-002
  1.5800000e+003  6.2664816e-002  0.0000000e+000  5.0000000e-002
  1.6000000e+003  6.4963875e-002  0.0000000e+000  5.0000000e-002
  1.6200000e+003  6.6549304e-002  0.0000000e+000  5.0000000e-002
  1.6400000e+003  6.7359436e-002  0.0000000e+000  5.0000000e-002
  1.6600000e+003  6.7374930e-002  0.0000000e+000  5.0000000e-002
  1.6800000e+003  6.6620116e-002  0.0000000e+000  5.0000000e-002
  1.7000000e+003  6.5162315e-002  0.0000000e+000  5.0000000e-002
  1.7200000e+003  6.3109019e-002  0.0000000e+000  5.0000000e-002
  1.7400000e+003  6.0602622e-002  0.0000000e+000  5.0000000e-002
  1.7600000e+003  5.7811970e-002  0.0000000e+000  5.0000000e-002
  1.7800000e+003  5.4919570e-002  0.0000000e+000  5.0000000e-002
  1.8000000e+003  5.2312140e-002  0.0000000e+000  5.0000000e-002
  1.8200000e+003  5.0135050e-002  0.0000000e+000  5.0000000e-002
  1.8400000e+003  4.7446844e-002  0.0000000e+000  5.0000000e-002
  1.8600000e+003  4.5479481e-002  0.0000000e+000  5.0000000e-002
  1.8800000e+003  4.4172962e-002  0.0000000e+000  5.0000000e-002
  1.9000000e+003  4.3481022e-002  0.0000000e+000  5.0000000e-002
  1.9200000e+003  4.3508382e-002  0.0000000e+000  5.0000000e-002
  1.9400000e+003  4.4283090e-002  0.0000000e+000  5.0000000e-002
  1.9600000e+003  4.5661616e-002  0.0000000e+000  5.0000000e-002
  1.9800000e+003  4.7435349e-002  0.0000000e+000  5.0000000e-002
  2.0000000e+003  4.9418783e-002  0.0000000e+000  5.0000000e-002
  2.0200000e+003  5.1435535e-002  0.0000000e+000  5.0000000e-002
  2.0400000e+003  5.3310743e-002  0.0000000e+000  5.0000000e-002
  2.0600000e+003  5.4827681e-002  0.0000000e+000  5.0000000e-002
  2.0800000e+003  5.5902214e-002  0.0000000e+000  5.0000000e-002
  2.1000000e+003  5.6422481e-002  0.0000000e+000  5.0000000e-002
  2.1200000e+003  5.6406071e-002  0.0000000e+000  5.0000000e-002
  2.1400000e+003  5.5590769e-002  0.0000000e+000  5.0000000e-002
  2.1600000e+003  5.4089873e-002  0.0000000e+000  5.0000000e-002
  2.1800000e+003  5.2088098e-002  0.0000000e+000  5.0000000e-002
  2.2000000e+003  4.9652487e-002  0.0000000e+000  5.0000000e-002
  2.2200000e+003  4.6091026e-002  0.0000000e+000  5.0000000e-002
  2.2400000e+003  4.2915197e-002  0.0000000e+000  5.0000000e-002
  2.2600000e+003  3.9558281e-002  0.0000000e+000  5.0000000e-002
  2.2800000e+003  3.6334801e-002  0.0000000e+000  5.0000000e-002
  2.3000000e+003  3.3414171e-002  0.0000000e+000  5.0000000e-002
  2.3200000e+003  3.0932802e-002  0.0000000e+000  5.0000000e-002
  2.3400000e+003  2.8982026e-002  0.0000000e+000  5.0000000e-002
  2.3600000e+003  2.7616238e-002  0.0000000e+000  5.0000000e-002
  2.3800000e+003  2.6881516e-002  0.0000000e+000  5.0000000e-002
  2.4000000e+003  2.6847245e-002  0.0000000e+000  5.0000000e-002
  2.4200000e+003  2.7597700e-002  0.0000000e+000  5.0000000e-002
  2.4400000e+003  2.9133000e-002  0.0000000e+000  5.0000000e-002
  2.4600000e+003  3.1287773e-002  0.0000000e+000  5.0000000e-002
  2.4800000e+003  3.3839096e-002  0.0000000e+000  5.0000000e-002
  2.5000000e+003  3.6588671e-002  0.0000000e+000  5.0000000e-002
  2.5200000e+003  3.9349154e-002  0.0000000e+000  5.0000000e-002
  2.5400000e+003  4.1937199e-002  0.0000000e+000  5.0000000e-002
  2.5600000e+003  4.4180005e-002  0.0000000e+000  5.0000000e-002
  2.5800000e+003  4.5925544e-002  0.0000000e+000  5.0000000e-002
  2.6000000e+003  4.7052544e-002  0.0000000e+000  5.0000000e-002
  2.6200000e+003  4.7478674e-002  0.0000000e+000  5.0000000e-002
  2.6400000e+003  4.7166231e-002  0.0000000e+000  5.0000000e-002
  2.6600000e+003  4.6124967e-002  0.0000000e+000  5.0000000e-002
  2.6800000e+003  4.4411905e-002  0.0000000e+000  5.0000000e-002
  2.7000000e+003  4.2128182e-002  0.0000000e+000  5.0000000e-002
  2.7200000e+003  3.9413057e-002  0.0000000e+000  5.0000000e-002
  2.7400000e+003  3.6435237e-002  0.0000000e+000  5.0000000e-002
  2.7600000e+003  3.3381402e-002  0.0000000e+000  5.0000000e-002
  2.7800000e+003  3.0441444e-002  0.0000000e+000  5.0000000e-002
  2.8000000e+003  2.7790101e-002  0.0000000e+000  5.0000000e-002
  2.8200000e+003  2.5567663e-002  0.0000000e+000  5.0000000e-002
  2.8400000e+003  2.3868667e-002  0.0000000e+000  5.0000000e-002
  2.8600000e+003  2.2749990e-002  0.0000000e+000  5.0000000e-002
  2.8800000e+003  2.2259748e-002  0.0000000e+000  5.0000000e-002
  2.9000000e+003  2.2468923e-002  0.0000000e+000  5.0000000e-002
  2.9200000e+003  2.3461474e-002  0.0000000e+000  5.0000000e-002
  2.9400000e+003  2.5234201e-002  0.0000000e+000  5.0000000e-002
  2.9600000e+003  2.7620033e-002  0.0000000e+000  5.0000000e-002
  2.9800000e+003  3.0396548e-002  0.0000000e+000  5.0000000e-002
  3.0000000e+003  3.3364241e-002  0.0000000e+000  5.0000000e-002
  3.0200000e+003  3.6333649e-002  0.0000000e+000  5.0000000e-002
  3.0400000e+003  3.9119268e-002  0.0000000e+000  5.0000000e-002
  3.0600000e+003  4.1546387e-002  0.0000000e+000  5.0000000e-002
  3.0800000e+003  4.3461474e-002  0.0000000e+000  5.0000000e-002
  3.1000000e+003  4.4742257e-002  0.0000000e+000  5.0000000e-002
  3.1200000e+003  4.5305995e-002  0.0000000e+000  5.0000000e-002
  3.1400000e+003  4.5115196e-002  0.0000000e+000  5.0000000e-002
  3.1600000e+003  4.4180443e-002  0.0000000e+000  5.0000000e-002
  3.1800000e+003  4.2560166e-002  0.0000000e+000  5.0000000e-002
  3.2000000e+003  4.0357413e-002  0.0000000e+000  5.0000000e-002
  3.2200000e+003  3.7713747e-002  0.0000000e+000  5.0000000e-002
  3.2400000e+003  3.4800445e-002  0.0000000e+000  5.0000000e-002
  3.2600000e+003  3.1806898e-002  0.0000000e+000  5.0000000e-002
  3.2800000e+003  2.8925714e-002  0.0000000e+000  5.0000000e-002
  3.3000000e+003  2.6334211e-002  0.0000000e+000  5.0000000e-002
  3.3200000e+003  2.4174949e-002  0.0000000e+000  5.0000000e-002
  3.3400000e+003  2.2544216e-002  0.0000000e+000  5.0000000e-002
  3.3600000e+003  2.1500102e-002  0.0000000e+000  5.0000000e-002
  3.3800000e+003  2.1091601e-002  0.0000000e+000  5.0000000e-002
  3.4000000e+003  2.1390244e-002  0.0000000e+000  5.0000000e-002
  3.4200000e+003  2.2479081e-002  0.0000000e+000  5.0000000e-002
  3.4400000e+003  2.4351804e-002  0.0000000e+000  1.8762315e-014
  3.4600000e+003  2.6839584e-002  0.0000000e+000  7.8470779e-032
  3.4800000e+003  2.9719832e-002  0.0000000e+000  3.2819315e-049
  3.5000000e+003  3.2791613e-002  0.0000000e+000  1.3726223e-066
  3.5200000e+003  3.5863394e-002  0.0000000e+000  5.7408026e-084
  3.5400000e+003  3.8747612e-002  0.0000000e+000  2.4010111e-101
  3.5600000e+003  4.1267725e-002  0.0000000e+000  1.0041896e-118
  3.5800000e+003  4.3268713e-002  0.0000000e+000  4.1998837e-136
  3.6000000e+003  4.4627251e-002  0.0000000e+000  1.7565431e-153
  3.6200000e+003  4.5260027e-002  0.0000000e+000  7.3464979e-171
  3.6400000e+003  4.5129493e-002  0.0000000e+000  3.0725709e-188
  3.6600000e+003  4.4246687e-002  0.0000000e+000  1.2850602e-205
  3.6800000e+003  4.2670972e-002  0.0000000e+000  5.3745859e-223
  3.7000000e+003  4.0506738e-002  0.0000000e+000  2.2478460e-240
  3.7200000e+003  3.7897222e-002  0.0000000e+000  9.4013043e-258
  3.7400000e+003  3.5015603e-002  0.0000000e+000  3.9319652e-275
  3.7600000e+003  3.2053296e-002  0.0000000e+000  1.6444899e-292
  3.7800000e+003  2.9204948e-002  0.0000000e+000  6.8778510e-310
  3.8000000e+003  2.6649829e-002  0.0000000e+000  1.9762626e-323
  3.8200000e+003  2.4532206e-002  0.0000000e+000  1.9762626e-323
  3.8400000e+003  2.2949683e-002  0.0000000e+000  1.9762626e-323
  3.8600000e+003  2.1961238e-002  0.0000000e+000  1.9762626e-323
  3.8800000e+003  2.1616492e-002  0.0000000e+000  1.9762626e-323
  3.9000000e+003  2.1987334e-002  0.0000000e+000  1.9762626e-323
  3.9200000e+003  2.3156045e-002  0.0000000e+000  1.9762626e-323
  3.9400000e+003  2.5113919e-002  0.0000000e+000  1.9762626e-323
  3.9600000e+003  2.7690804e-002  0.0000000e+000  1.9762626e-323
  3.9800000e+003  3.0663942e-002  0.0000000e+000  1.9762626e-323
  4.0000000e+003  3.3831277e-002  0.0000000e+000  1.9762626e-323
  4.0200000e+003  3.6999689e-002  0.0000000e+000  1.9762626e-323
  4.0400000e+003  3.9980051e-002  0.0000000e+000  1.9762626e-323
  4.0600000e+003  4.2594443e-002  0.0000000e+000  1.9762626e-323
  4.0800000e+003  4.4686741e-002  0.0000000e+000  1.9762626e-323
  4.1000000e+003  4.6132855e-002  0.0000000e+000  1.9762626e-323
  4.1200000e+003  4.6849097e-002  0.0000000e+000  1.9762626e-323
  4.1400000e+003  4.6797948e-002  0.0000000e+000  1.9762626e-323
  4.1600000e+003  4.5990883e-002  5.0000000e-002  1.9762626e-323
  4.1800000e+003  4.4488082e-002  5.0000000e-002  1.9762626e-323
  4.2000000e+003  4.2395088e-002  5.0000000e-002  1.9762626e-323
  4.2200000e+003  3.9856563e-002  5.0000000e-002  1.9762626e-323
  4.2400000e+003  3.7047302e-002  5.0000000e-002  1.9762626e-323
  4.2600000e+003  3.4160452e-002  5.0000000e-002  1.9762626e-323
  4.2800000e+003  3.1392429e-002  5.0000000e-002  1.9762626e-323
  4.3000000e+003  2.8924213e-002  5.0000000e-002  1.9762626e-323
  4.3200000e+003  2.6901623e-002  5.0000000e-002  1.9762626e-323
  4.3400000e+003  2.5423522e-002  5.0000000e-002  1.9762626e-323
  4.3600000e+003  2.4549830e-002  5.0000000e-002  1.9762626e-323
  4.3800000e+003  2.4330912e-002  5.0000000e-002  1.9762626e-323
  4.4000000e+003  2.4839202e-002  5.0000000e-002  1.9762626e-323
  4.4200000e+003  2.6156689e-002  5.0000000e-002  1.9762626e-323
  4.4400000e+003  2.8273211e-002  5.0000000e-002  1.9762626e-323
  4.4600000e+003  3.1018042e-002  5.0000000e-002  1.9762626e-323
  4.4800000e+003  3.4168698e-002  5.0000000e-002  1.9762626e-323
  4.5000000e+003  3.7522727e-002  5.0000000e-002  1.9762626e-323
  4.5200000e+003  4.0886309e-002  5.0000000e-002  1.9762626e-323
  4.5400000e+003  4.4069682e-002  5.0000000e-002  1.9762626e-323
  4.5600000e+003  4.6894468e-002  5.0000000e-002  1.9762626e-323
  4.5800000e+003  4.9204346e-002  5.0000000e-002  1.9762626e-323
  4.6000000e+003  5.0875331e-002  5.0000000e-002  1.9762626e-323
  4.6200000e+003  5.1824186e-002  5.0000000e-002  1.9762626e-323
  4.6400000e+003  5.2014210e-002  5.0000000e-002  1.9762626e-323
  4.6600000e+003  5.1458066e-002  5.0000000e-002  1.9762626e-323
  4.6800000e+003  5.0217480e-002  5.0000000e-002  1.9762626e-323
  4.7000000e+003  4.8399870e-002  5.0000000e-002  1.9762626e-323
  4.7200000e+003  4.6152054e-002  5.0000000e-002  1.9762626e-323
  4.7400000e+003  4.3651216e-002  5.0000000e-002  1.9762626e-323
  4.7600000e+003  4.1093050e-002  5.0000000e-002  1.9762626e-323
  4.7800000e+003  3.8676621e-002  5.0000000e-002  1.9762626e-323
  4.8000000e+003  3.6585578e-002  5.0000000e-002  1.9762626e-323
  4.8200000e+003  3.4968312e-002  5.0000000e-002  1.9762626e-323
  4.8400000e+003  3.3926029e-002  5.0000000e-002  1.9762626e-323
  4.8600000e+003  3.3520655e-002  5.0000000e-002  1.9762626e-323
  4.8800000e+003  3.3804228e-002  5.0000000e-002  1.9762626e-323
  4.9000000e+003  3.4850424e-002  5.0000000e-002  1.9762626e-323
  4.9200000e+003  3.6741516e-002  5.0000000e-002  1.9762626e-323
  4.9400000e+003  3.9466397e-002  5.0000000e-002  1.9762626e-323
  4.9600000e+003  4.2853354e-002  5.0000000e-002  1.9762626e-323
  4.9800000e+003  4.6678391e-002  5.0000000e-002  1.9762626e-323
  5.0000000e+003  5.0735618e-002  5.0000000e-002  1.9762626e-323
  5.0200000e+003  5.4774760e-002  5.0000000e-002  1.9762626e-323
  5.0400000e+003  5.8535151e-002  5.0000000e-002  1.9762626e-323
  5.0600000e+003  6.2638188e-002  5.0000000e-002  1.9762626e-323
  5.0800000e+003  6.5365442e-002  5.0000000e-002  1.9762626e-323
  5.1000000e+003  6.7747650e-002  5.0000000e-002  1.9762626e-323
  5.1200000e+003  6.9358544e-002  5.0000000e-002  1.9762626e-323
  5.1400000e+003  7.0135247e-002  5.0000000e-002  1.9762626e-323
  5.1600000e+003  7.0060994e-002  5.0000000e-002  1.9762626e-323
  5.1800000e+003  6.9166189e-002  5.0000000e-002  1.9762626e-323
  5.2000000e+003  6.7527210e-002  5.0000000e-002  1.9762626e-323
  5.2200000e+003  6.5262921e-002  5.0000000e-002  1.9762626e-323
  5.2400000e+003  6.2528651e-002  5.0000000e-002  1.9762626e-323
  5.2600000e+003  5.9507005e-002  5.0000000e-002  1.9762626e-323
  5.2800000e+003  5.6394390e-002  5.0000000e-002  1.9762626e-323
  5.3000000e+003  5.3382951e-002  5.0000000e-002  1.9762626e-323
  5.3200000e+003  5.1080311e-002  5.0000000e-002  1.9762626e-323
  5.3400000e+003  4.9079481e-002  5.0000000e-002  1.9762626e-323
  5.3600000e+003  4.6451869e-002  5.0000000e-002  1.9762626e-323
  5.3800000e+003  4.5102287e-002  5.0000000e-002  1.9762626e-323
  5.4000000e+003  4.4457253e-002  5.0000000e-002  1.9762626e-323
  5.4200000e+003  4.4584223e-002  5.0000000e-002  1.9762626e-323
  5.4400000e+003  4.5491008e-002  5.0000000e-002  1.9762626e-323
  5.4600000e+003  4.7022770e-002  5.0000000e-002  1.9762626e-323
  5.4800000e+003  4.8969563e-002  5.0000000e-002  1.9762626e-323
  5.5000000e+003  5.1136869e-002  5.0000000e-002  1.9762626e-323
  5.5200000e+003  5.3335280e-002  5.0000000e-002  1.9762626e-323
  5.5400000e+003  5.5307739e-002  5.0000000e-002  1.9762626e-323
  5.5600000e+003  5.6955956e-002  5.0000000e-002  1.9762626e-323
  5.5800000e+003  5.8346708e-002  5.0000000e-002  1.9762626e-323
  5.6000000e+003  5.8892311e-002  5.0000000e-002  1.9762626e-323
  5.6200000e+003  5.8784208e-002  5.0000000e-002  1.9762626e-323
  5.6400000e+003  5.7932502e-002  5.0000000e-002  1.9762626e-323
  5.6600000e+003  5.6347238e-002  5.0000000e-002  1.9762626e-323
  5.6800000e+003  5.4087679e-002  5.0000000e-002  1.9762626e-323
  5.7000000e+003  5.1449292e-002  5.0000000e-002  1.9762626e-323
  5.7200000e+003  4.8468949e-002  5.0000000e-002  1.9762626e-323
  5.7400000e+003  4.4559074e-002  5.0000000e-002  1.9762626e-323
  5.7600000e+003  4.0940647e-002  0.0000000e+000  5.0000000e-002
  5.7800000e+003  3.7524994e-002  0.0000000e+000  5.0000000e-002
  5.8000000e+003  3.4432506e-002  0.0000000e+000  5.0000000e-002
  5.8200000e+003  3.1809770e-002  0.0000000e+000  5.0000000e-002
  5.8400000e+003  2.9755503e-002  0.0000000e+000  5.0000000e-002
  5.8600000e+003  2.8328901e-002  0.0000000e+000  5.0000000e-002
  5.8800000e+003  2.7579260e-002  0.0000000e+000  5.0000000e-002
  5.9000000e+003  2.7577592e-002  0.0000000e+000  5.0000000e-002
  5.9200000e+003  2.8402948e-002  0.0000000e+000  5.0000000e-002
  5.9400000e+003  3.0040140e-002  0.0000000e+000  5.0000000e-002
  5.9600000e+003  3.2314928e-002  0.0000000e+000  5.0000000e-002
  5.9800000e+003  3.5002720e-002  0.0000000e+000  5.0000000e-002
  6.0000000e+003  3.7897689e-002  0.0000000e+000  5.0000000e-002
  6.0200000e+003  4.0802032e-002  0.0000000e+000  5.0000000e-002
  6.0400000e+003  4.3522027e-002  0.0000000e+000  5.0000000e-002
  6.0600000e+003  4.5875589e-002  0.0000000e+000  5.0000000e-002
  6.0800000e+003  4.7703057e-002  0.0000000e+000  5.0000000e-002
  6.1000000e+003  4.8877580e-002  0.0000000e+000  5.0000000e-002
  6.1200000e+003  4.9313576e-002  0.0000000e+000  5.0000000e-002
  6.1400000e+003  4.8972554e-002  0.0000000e+000  5.0000000e-002
  6.1600000e+003  4.7865919e-002  0.0000000e+000  5.0000000e-002
  6.1800000e+003  4.6054629e-002  0.0000000e+000  5.0000000e-002
  6.2000000e+003  4.3645732e-002  0.0000000e+000  5.0000000e-002
  6.2200000e+003  4.0785975e-002  0.0000000e+000  5.0000000e-002
  6.2400000e+003  3.7652632e-002  0.0000000e+000  5.0000000e-002
  6.2600000e+003  3.4441534e-002  0.0000000e+000  5.0000000e-002
  6.2800000e+003  3.1351795e-002  0.0000000e+000  5.0000000e-002
  6.3000000e+003  2.8566920e-002  0.0000000e+000  5.0000000e-002
  6.3200000e+003  2.6234821e-002  0.0000000e+000  5.0000000e-002
  6.3400000e+003  2.4455774e-002  0.0000000e+000  5.0000000e-002
  6.3600000e+003  2.3290375e-002  0.0000000e+000  5.0000000e-002
  6.3800000e+003  2.2789194e-002  0.0000000e+000  5.0000000e-002
  6.4000000e+003  2.3024376e-002  0.0000000e+000  5.0000000e-002
  6.4200000e+003  2.4075689e-002  0.0000000e+000  5.0000000e-002
  6.4400000e+003  2.5928132e-002  0.0000000e+000  5.0000000e-002
  6.4600000e+003  2.8407909e-002  0.0000000e+000  5.0000000e-002
  6.4800000e+003  3.1291111e-002  0.0000000e+000  5.0000000e-002
  6.5000000e+003  3.4372278e-002  0.0000000e+000  5.0000000e-002
  6.5200000e+003  3.7453809e-002  0.0000000e+000  5.0000000e-002
  6.5400000e+003  4.0342149e-002  0.0000000e+000  5.0000000e-002
  6.5600000e+003  4.2855389e-002  0.0000000e+000  5.0000000e-002
  6.5800000e+003  4.4834090e-002  0.0000000e+000  5.0000000e-002
  6.6000000e+003  4.6151680e-002  0.0000000e+000  5.0000000e-002
  6.6200000e+003  4.6722927e-002  0.0000000e+000  5.0000000e-002
  6.6400000e+003  4.6509761e-002  0.0000000e+000  5.0000000e-002
  6.6600000e+003  4.5524084e-002  0.0000000e+000  5.0000000e-002
  6.6800000e+003  4.3827411e-002  0.0000000e+000  5.0000000e-002
  6.7000000e+003  4.1527403e-002  0.0000000e+000  5.0000000e-002
  6.7200000e+003  3.8771447e-002  0.0000000e+000  5.0000000e-002
  6.7400000e+003  3.5737478e-002  0.0000000e+000  5.0000000e-002
  6.7600000e+003  3.2621982e-002  0.0000000e+000  5.0000000e-002
  6.7800000e+003  2.9624709e-002  0.0000000e+000  5.0000000e-002
  6.8000000e+003  2.6929758e-002  0.0000000e+000  5.0000000e-002
  6.8200000e+003  2.4685575e-002  0.0000000e+000  5.0000000e-002
  6.8400000e+003  2.2992882e-002  0.0000000e+000  5.0000000e-002
  6.8600000e+003  2.1912628e-002  0.0000000e+000  5.0000000e-002
  6.8800000e+003  2.1495681e-002  0.0000000e+000  5.0000000e-002
  6.9000000e+003  2.1814407e-002  0.0000000e+000  5.0000000e-002
  6.9200000e+003  2.2948548e-002  0.0000000e+000  5.0000000e-002
  6.9400000e+003  2.4882757e-002  0.0000000e+000  5.0000000e-002
  6.9600000e+003  2.7443108e-002  0.0000000e+000  5.0000000e-002
  6.9800000e+003  3.0405755e-002  0.0000000e+000  5.0000000e-002
  7.0000000e+003  3.3565111e-002  0.0000000e+000  5.0000000e-002
  7.0200000e+003  3.6723360e-002  0.0000000e+000  5.0000000e-002
  7.0400000e+003  3.9686728e-002  0.0000000e+000  5.0000000e-002
  7.0600000e+003  4.2273129e-002  0.0000000e+000  5.0000000e-002
  7.0800000e+003  4.4322999e-002  0.0000000e+000  5.0000000e-002
  7.1000000e+003  4.5709706e-002  0.0000000e+000  5.0000000e-002
  7.1200000e+003  4.6348034e-002  0.0000000e+000  5.0000000e-002
  7.1400000e+003  4.6200007e-002  0.0000000e+000  5.0000000e-002
  7.1600000e+003  4.5277694e-002  0.0000000e+000  5.0000000e-002
  7.1800000e+003  4.3642850e-002  0.0000000e+000  5.0000000e-002
  7.2000000e+003  4.1403433e-002  0.0000000e+000  5.0000000e-002
  7.2200000e+003  3.8707178e-002  0.0000000e+000  5.0000000e-002
  7.2400000e+003  3.5732397e-002  0.0000000e+000  5.0000000e-002
  7.2600000e+003  3.2675971e-002  0.0000000e+000  5.0000000e-002
  7.2800000e+003  2.9738049e-002  0.0000000e+000  5.0000000e-002
  7.3000000e+003  2.7103112e-002  0.0000000e+000  5.0000000e-002
  7.3200000e+003  2.4919954e-002  0.0000000e+000  5.0000000e-002
  7.3400000e+003  2.3289586e-002  0.0000000e+000  5.0000000e-002
  7.3600000e+003  2.2273179e-002  0.0000000e+000  5.0000000e-002
  7.3800000e+003  2.1921779e-002  0.0000000e+000  5.0000000e-002
  7.4000000e+003  2.2307885e-002  0.0000000e+000  5.0000000e-002
  7.4200000e+003  2.3511195e-002  0.0000000e+000  5.0000000e-002
  7.4400000e+003  2.5516100e-002  0.0000000e+000  5.0000000e-002
  7.4600000e+003  2.8148588e-002  0.0000000e+000  5.0000000e-002
  7.4800000e+003  3.1184871e-002  0.0000000e+000  5.0000000e-002
  7.5000000e+003  3.4419290e-002  0.0000000e+000  5.0000000e-002
  7.5200000e+003  3.7653895e-002  0.0000000e+000  5.0000000e-002
  7.5400000e+003  4.0694793e-002  0.0000000e+000  5.0000000e-002
  7.5600000e+003  4.3359808e-002  0.0000000e+000  5.0000000e-002
  7.5800000e+003  4.5489331e-002  0.0000000e+000  5.0000000e-002
  7.6000000e+003  4.6956739e-002  0.0000000e+000  5.0000000e-002
  7.6200000e+003  4.7676889e-002  0.0000000e+000  5.0000000e-002
  7.6400000e+003  4.7611940e-002  0.0000000e+000  5.0000000e-002
  7.6600000e+003  4.6774164e-002  0.0000000e+000  5.0000000e-002
  7.6800000e+003  4.5225585e-002  0.0000000e+000  5.0000000e-002
  7.7000000e+003  4.3074487e-002  0.0000000e+000  5.0000000e-002
  7.7200000e+003  4.0468986e-002  0.0000000e+000  5.0000000e-002
  7.7400000e+003  3.7587819e-002  0.0000000e+000  5.0000000e-002
  7.7600000e+003  3.4628326e-002  0.0000000e+000  5.0000000e-002
  7.7800000e+003  3.1791137e-002  0.0000000e+000  5.0000000e-002
  7.8000000e+003  2.9261229e-002  0.0000000e+000  5.0000000e-002
  7.8200000e+003  2.7187885e-002  0.0000000e+000  5.0000000e-002
  7.8400000e+003  2.5672578e-002  0.0000000e+000  5.0000000e-002
  7.8600000e+003  2.4776904e-002  0.0000000e+000  5.0000000e-002
  7.8800000e+003  2.4552310e-002  0.0000000e+000  5.0000000e-002
  7.9000000e+003  2.5071674e-002  0.0000000e+000  5.0000000e-002
  7.9200000e+003  2.6414984e-002  0.0000000e+000  5.0000000e-002
  7.9400000e+003  2.8566814e-002  0.0000000e+000  5.0000000e-002
  7.9600000e+003  3.1353509e-002  0.0000000e+000  5.0000000e-002
  7.9800000e+003  3.4551759e-002  0.0000000e+000  5.0000000e-002
  8.0000000e+003  3.7956330e-002  0.0000000e+000  5.0000000e-002
  8.0200000e+003  4.1369702e-002  0.0000000e+000  5.0000000e-002
  8.0400000e+003  4.4598458e-002  0.0000000e+000  5.0000000e-002
  8.0600000e+003  4.7460963e-002  0.0000000e+000  5.0000000e-002
  8.0800000e+003  4.9798222e-002  0.0000000e+000  5.0000000e-002
  8.1000000e+003  5.1484310e-002  0.0000000e+000  5.0000000e-002
  8.1200000e+003  5.2434871e-002  0.0000000e+000  5.0000000e-002
  8.1400000e+003  5.2612955e-002  0.0000000e+000  5.0000000e-002
  8.1600000e+003  5.2031833e-002  0.0000000e+000  5.0000000e-002
  8.1800000e+003  5.0754635e-002  0.0000000e+000  5.0000000e-002
  8.2000000e+003  4.8890873e-002  0.0000000e+000  3.3510756e-002
  8.2200000e+003  4.6590004e-002  0.0000000e+000  1.4015409e-019
  8.2400000e+003  4.4032216e-002  0.0000000e+000  5.8617504e-037
  8.2600000e+003  4.1416410e-002  0.0000000e+000  2.4515958e-054
  8.2800000e+003  3.8944865e-002  0.0000000e+000  1.0253459e-071
  8.3000000e+003  3.6804283e-002  0.0000000e+000  4.2883672e-089
  8.3200000e+003  3.5145701e-002  0.0000000e+000  1.7935501e-106
  8.3400000e+003  3.4072322e-002  0.0000000e+000  7.5012747e-124
  8.3600000e+003  3.3647358e-002  0.0000000e+000  3.1373041e-141
  8.3800000e+003  3.3923682e-002  0.0000000e+000  1.3121339e-158
  8.4000000e+003  3.4975324e-002  0.0000000e+000  5.4878182e-176
  8.4200000e+003  3.6883053e-002  0.0000000e+000  2.2952039e-193
  8.4400000e+003  3.9631810e-002  0.0000000e+000  9.5993719e-211
  8.4600000e+003  4.3047729e-002  0.0000000e+000  4.0148042e-228
  8.4800000e+003  4.6906271e-002  0.0000000e+000  1.6791362e-245
  8.5000000e+003  5.0999552e-002  0.0000000e+000  7.0227542e-263
  8.5200000e+003  5.5063287e-002  0.0000000e+000  2.9371696e-280
  8.5400000e+003  5.8854846e-002  0.0000000e+000  1.2284304e-297
  8.5600000e+003  6.2722667e-002  0.0000000e+000  5.1377399e-315
  8.5800000e+003  6.5748937e-002  0.0000000e+000  1.9762626e-323
  8.6000000e+003  6.8145362e-002  0.0000000e+000  1.9762626e-323
  8.6200000e+003  6.9762287e-002  0.0000000e+000  1.9762626e-323
  8.6400000e+003  7.0537021e-002  0.0000000e+000  1.9762626e-323
  8.6600000e+003  7.0453525e-002  0.0000000e+000  1.9762626e-323
  8.6800000e+003  6.9543382e-002  0.0000000e+000  1.9762626e-323
  8.7000000e+003  6.7884450e-002  0.0000000e+000  1.9762626e-323
  8.7200000e+003  6.5597222e-002  0.0000000e+000  1.9762626e-323
  8.7400000e+003  6.2838676e-002  0.0000000e+000  1.9762626e-323
  8.7600000e+003  5.9793009e-002  0.0000000e+000  1.9762626e-323
  8.7800000e+003  5.6658135e-002  0.0000000e+000  1.9762626e-323
  8.8000000e+003  5.3627144e-002  0.0000000e+000  1.9762626e-323
  8.8200000e+003  5.1274695e-002  0.0000000e+000  1.9762626e-323
  8.8400000e+003  4.9268864e-002  0.0000000e+000  1.9762626e-323
  8.8600000e+003  4.6676445e-002  0.0000000e+000  1.9762626e-323
  8.8800000e+003  4.5324777e-002  0.0000000e+000  1.9762626e-323
  8.9000000e+003  4.4690578e-002  0.0000000e+000  1.9762626e-323
  8.9200000e+003  4.4835323e-002  0.0000000e+000  1.9762626e-323
  8.9400000e+003  4.5763695e-002  0.0000000e+000  1.9762626e-323
  8.9600000e+003  4.7319528e-002  0.0000000e+000  1.9762626e-323
  8.9800000e+003  4.9292714e-002  0.0000000e+000  1.9762626e-323
  9.0000000e+003  5.1487403e-002  5.0000000e-002  1.9762626e-323
  9.0200000e+003  5.3701942e-002  5.0000000e-002  1.9762626e-323
  9.0400000e+003  5.5693654e-002  5.0000000e-002  1.9762626e-323
  9.0600000e+003  5.7360197e-002  5.0000000e-002  1.9762626e-323
  9.0800000e+003  5.8744296e-002  5.0000000e-002  1.9762626e-323
  9.1000000e+003  5.9330824e-002  5.0000000e-002  1.9762626e-323
  9.1200000e+003  5.9220980e-002  5.0000000e-002  1.9762626e-323
  9.1400000e+003  5.8359748e-002  5.0000000e-002  1.9762626e-323
  9.1600000e+003  5.6757572e-002  5.0000000e-002  1.9762626e-323
  9.1800000e+003  5.4474557e-002  5.0000000e-002  1.9762626e-323
  9.2000000e+003  5.1775305e-002  5.0000000e-002  1.9762626e-323
  9.2200000e+003  4.8768556e-002  5.0000000e-002  1.9762626e-323
  9.2400000e+003  4.4803659e-002  5.0000000e-002  1.9762626e-323
  9.2600000e+003  4.1197607e-002  5.0000000e-002  1.9762626e-323
  9.2800000e+003  3.7748310e-002  5.0000000e-002  1.9762626e-323
  9.3000000e+003  3.4626366e-002  5.0000000e-002  1.9762626e-323
  9.3200000e+003  3.1979204e-002  5.0000000e-002  1.9762626e-323
  9.3400000e+003  2.9906700e-002  5.0000000e-002  1.9762626e-323
  9.3600000e+003  2.8468789e-002  5.0000000e-002  1.9762626e-323
  9.3800000e+003  2.7715232e-002  5.0000000e-002  1.9762626e-323
  9.4000000e+003  2.7717220e-002  5.0000000e-002  1.9762626e-323
  9.4200000e+003  2.8552890e-002  5.0000000e-002  1.9762626e-323
  9.4400000e+003  3.0204733e-002  5.0000000e-002  1.9762626e-323
  9.4600000e+003  3.2497225e-002  5.0000000e-002  1.9762626e-323
  9.4800000e+003  3.5205377e-002  5.0000000e-002  1.9762626e-323
  9.5000000e+003  3.8122107e-002  5.0000000e-002  1.9762626e-323
  9.5200000e+003  4.1047964e-002  5.0000000e-002  1.9762626e-323
  9.5400000e+003  4.3787602e-002  5.0000000e-002  1.9762626e-323
  9.5600000e+003  4.6157487e-002  5.0000000e-002  1.9762626e-323
  9.5800000e+003  4.7996770e-002  5.0000000e-002  1.9762626e-323
  9.6000000e+003  4.9177740e-002  5.0000000e-002  1.9762626e-323
  9.6200000e+003  4.9614321e-002  5.0000000e-002  1.9762626e-323
  9.6400000e+003  4.9267913e-002  5.0000000e-002  1.9762626e-323
  9.6600000e+003  4.8150195e-002  5.0000000e-002  1.9762626e-323
  9.6800000e+003  4.6322751e-002  5.0000000e-002  1.9762626e-323
  9.7000000e+003  4.3893565e-002  5.0000000e-002  1.9762626e-323
  9.7200000e+003  4.1010555e-002  5.0000000e-002  1.9762626e-323
  9.7400000e+003  3.7852334e-002  5.0000000e-002  1.9762626e-323
  9.7600000e+003  3.4616157e-002  5.0000000e-002  1.9762626e-323
  9.7800000e+003  3.1502566e-002  5.0000000e-002  1.9762626e-323
  9.8000000e+003  2.8696418e-002  5.0000000e-002  1.9762626e-323
  9.8200000e+003  2.6346799e-002  5.0000000e-002  1.9762626e-323
  9.8400000e+003  2.4554868e-002  5.0000000e-002  1.9762626e-323
  9.8600000e+003  2.3381787e-002  5.0000000e-002  1.9762626e-323
  9.8800000e+003  2.2878486e-002  5.0000000e-002  1.9762626e-323
  9.9000000e+003  2.3117249e-002  5.0000000e-002  1.9762626e-323
  9.9200000e+003  2.4177149e-002  5.0000000e-002  1.9762626e-323
  9.9400000e+003  2.6041426e-002  5.0000000e-002  1.9762626e-323
  9.9600000e+003  2.8535315e-002  5.0000000e-002  1.9762626e-323
  9.9800000e+003  3.1434601e-002  5.0000000e-002  1.9762626e-323
  1.0000000e+004  3.4532874e-002  5.0000000e-002  1.9762626e-323

