  0.0000000e+000  7.0000000e+001  0.0000000e+000  6.0000000e+001  6.0000000e+001
  2.0000000e+001  7.0640774e+001  1.1919282e+002  5.1568272e+001  6.0198788e+001
  4.0000000e+001  7.1257950e+001  1.4982302e+002  4.4284463e+001  6.0420177e+001
  6.0000000e+001  7.1871189e+001  1.5001191e+002  3.8675955e+001  6.0643786e+001
  8.0000000e+001  7.2484284e+001  1.5000027e+002  3.4411322e+001  6.0867392e+001
  1.0000000e+002  7.3097183e+001  1.4999969e+002  3.1172929e+001  6.1090999e+001
  1.2000000e+002  7.3709833e+001  1.4999966e+002  2.8718198e+001  6.1314606e+001
  1.4000000e+002  7.4322185e+001  1.4999961e+002  2.6861850e+001  6.1538212e+001
  1.6000000e+002  7.4934188e+001  1.4999955e+002  2.5462362e+001  6.1761819e+001
  1.8000000e+002  7.5545790e+001  1.4999949e+002  2.4411636e+001  6.1985425e+001
  2.0000000e+002  7.6156939e+001  1.4999943e+002  2.3627108e+001  6.2209031e+001
  2.2000000e+002  7.6767582e+001  1.4999936e+002  2.3412086e+001  6.2432638e+001
  2.4000000e+002  7.7377666e+001  1.4999930e+002  2.3966800e+001  6.2656244e+001
  2.6000000e+002  7.7987136e+001  1.4999924e+002  2.5109272e+001  6.2879850e+001
  2.8000000e+002  7.8595937e+001  1.4999917e+002  2.6700501e+001  6.3103457e+001
  3.0000000e+002  7.9204012e+001  1.4999910e+002  2.8634318e+001  6.3327063e+001
  3.2000000e+002  7.9811304e+001  1.4999903e+002  3.0829629e+001  6.3550669e+001
  3.4000000e+002  7.9757755e+001  1.4999896e+002  3.3224492e+001  6.3774275e+001
  3.6000000e+002  7.9363303e+001  1.4999889e+002  3.5771598e+001  6.3997881e+001
  3.8000000e+002  7.8967889e+001  1.4999881e+002  3.8434811e+001  6.4221487e+001
  4.0000000e+002  7.8571448e+001  1.4999873e+002  4.1186533e+001  6.4445093e+001
  4.2000000e+002  7.8173915e+001  1.4999865e+002  4.4005684e+001  6.4668698e+001
  4.4000000e+002  7.7775225e+001  1.4999857e+002  4.6876165e+001  6.4892304e+001
  4.6000000e+002  7.7375309e+001  1.4999848e+002  4.9785682e+001  6.5115910e+001
  4.8000000e+002  7.6974097e+001  1.4999839e+002  5.2724844e+001  6.5339516e+001
  5.0000000e+002  7.6571514e+001  1.4999830e+002  5.5686481e+001  6.5563121e+001
  5.2000000e+002  7.6162706e+001  1.4983411e+002  5.8460256e+001  6.5791528e+001
  5.4000000e+002  7.5693933e+001  1.4996996e+002  5.9003303e+001  6.6078397e+001
  5.6000000e+002  7.5198984e+001  1.4997205e+002  5.9182600e+001  6.6389814e+001
  5.8000000e+002  7.4684612e+001  1.4997093e+002  5.9331453e+001  6.6718970e+001
  6.0000000e+002  7.4150763e+001  1.4996979e+002  5.9457622e+001  6.7065828e+001
  6.2000000e+002  7.3597314e+001  1.4996862e+002  5.9565147e+001  6.7430425e+001
  6.4000000e+002  7.3024125e+001  1.4996743e+002  5.9657178e+001  6.7812806e+001
  6.6000000e+002  7.2431043e+001  1.4996621e+002  5.9736219e+001  6.8213027e+001
  6.8000000e+002  7.1817909e+001  1.4996498e+002  5.9804285e+001  6.8631145e+001
  7.0000000e+002  7.1184553e+001  1.4996372e+002  5.9863018e+001  6.9067224e+001
  7.2000000e+002  7.0538528e+001  1.4999438e+002  5.9872590e+001  6.9513582e+001
  7.4000000e+002  6.9889334e+001  1.4999421e+002  5.9879218e+001  6.9960619e+001
  7.6000000e+002  6.9236912e+001  1.4999396e+002  5.9885572e+001  7.0408273e+001
  7.8000000e+002  6.8581139e+001  1.4999370e+002  5.9891663e+001  7.0856543e+001
  8.0000000e+002  6.7921884e+001  1.4999342e+002  5.9897500e+001  7.1305425e+001
  8.2000000e+002  6.7259009e+001  1.4999313e+002  5.9903095e+001  7.1754917e+001
  8.4000000e+002  6.6592371e+001  1.4999282e+002  5.9908456e+001  7.2205015e+001
  8.6000000e+002  6.5921818e+001  1.4999249e+002  5.9913593e+001  7.2655716e+001
  8.8000000e+002  6.5247190e+001  1.4999214e+002  5.9918514e+001  7.3107017e+001
  9.0000000e+002  6.4568317e+001  1.4999177e+002  5.9923228e+001  7.3558915e+001
  9.2000000e+002  6.3885021e+001  1.4999137e+002  5.9927743e+001  7.4011406e+001
  9.4000000e+002  6.3197113e+001  1.4999095e+002  5.9932067e+001  7.4464488e+001
  9.6000000e+002  6.2504393e+001  1.4999050e+002  5.9936207e+001  7.4918157e+001
  9.8000000e+002  6.1806649e+001  1.4999001e+002  5.9940171e+001  7.5372410e+001
  1.0000000e+003  6.1103656e+001  1.4998949e+002  5.9943965e+001  7.5827243e+001
  1.0200000e+003  6.0370156e+001  1.4987624e+002  6.0059461e+001  7.6307754e+001
  1.0400000e+003  5.9576493e+001  1.4987889e+002  6.0139002e+001  7.6843274e+001
  1.0600000e+003  5.8727299e+001  1.4989062e+002  6.0188224e+001  7.7428877e+001
  1.0800000e+003  5.7830429e+001  1.4991084e+002  6.0216112e+001  7.8056409e+001
  1.1000000e+003  5.6896291e+001  1.4993803e+002  6.0228341e+001  7.8715146e+001
  1.1200000e+003  5.5937192e+001  1.4996977e+002  6.0228267e+001  7.9392441e+001
  1.1400000e+003  5.5046929e+001  1.5000311e+002  6.0217531e+001  7.9994141e+001
  1.1600000e+003  5.5078045e+001  1.5003492e+002  6.0196365e+001  7.9667326e+001
  1.1800000e+003  5.5124675e+001  1.5006227e+002  6.0163632e+001  7.9317458e+001
  1.2000000e+003  5.5197939e+001  1.5008277e+002  6.0116647e+001  7.8932995e+001
  1.2200000e+003  5.5307023e+001  1.5009489e+002  6.0050807e+001  7.8504296e+001
  1.2400000e+003  5.5458166e+001  1.5009811e+002  5.9959162e+001  7.8024642e+001
  1.2600000e+003  5.5654200e+001  1.5009294e+002  5.9832362e+001  7.7490687e+001
  1.2800000e+003  5.5894339e+001  1.5008083e+002  5.9660111e+001  7.6902666e+001
  1.3000000e+003  5.6174297e+001  1.5006384e+002  5.9436134e+001  7.6264279e+001
  1.3200000e+003  5.6486770e+001  1.5004416e+002  5.9168411e+001  7.5582201e+001
  1.3400000e+003  5.6822224e+001  1.5002339e+002  5.8892422e+001  7.4865298e+001
  1.3600000e+003  5.7169722e+001  1.5000194e+002  5.8677340e+001  7.4123798e+001
  1.3800000e+003  5.7517380e+001  1.4997866e+002  5.8610514e+001  7.3368839e+001
  1.4000000e+003  5.7852186e+001  1.4995117e+002  5.8752662e+001  7.2612657e+001
  1.4200000e+003  5.8159458e+001  1.4991802e+002  5.9080101e+001  7.1869131e+001
  1.4400000e+003  5.8423250e+001  1.4988298e+002  5.9474709e+001  7.1153377e+001
  1.4600000e+003  5.8629050e+001  1.4985247e+002  5.9816020e+001  7.0479067e+001
  1.4800000e+003  5.8766412e+001  1.4982835e+002  6.0063846e+001  6.9855800e+001
  1.5000000e+003  5.8829088e+001  1.4981164e+002  6.0230028e+001  6.9289011e+001
  1.5200000e+003  5.8814573e+001  1.4980422e+002  6.0336442e+001  6.8780449e+001
  1.5400000e+003  5.8724892e+001  1.4861339e+002  6.0404106e+001  6.8328240e+001
  1.5600000e+003  5.8563084e+001  1.5295631e+002  6.0431642e+001  6.7927523e+001
  1.5800000e+003  5.8337368e+001  1.4980288e+002  6.0454386e+001  6.7569353e+001
  1.6000000e+003  5.8059964e+001  1.4984954e+002  6.0456286e+001  6.7243208e+001
  1.6200000e+003  5.7743579e+001  1.4990465e+002  6.0446812e+001  6.6936015e+001
  1.6400000e+003  5.7403170e+001  1.4996381e+002  6.0427513e+001  6.6633671e+001
  1.6600000e+003  5.7054509e+001  1.5002331e+002  6.0398585e+001  6.6321800e+001
  1.6800000e+003  5.6713318e+001  1.5007940e+002  6.0358915e+001  6.5986675e+001
  1.7000000e+003  5.6394400e+001  1.5012853e+002  6.0305902e+001  6.5616099e+001
  1.7200000e+003  5.6110803e+001  1.5016759e+002  6.0235101e+001  6.5200206e+001
  1.7400000e+003  5.5873066e+001  1.5019419e+002  6.0139796e+001  6.4732119e+001
  1.7600000e+003  5.5688597e+001  1.5020694e+002  6.0010941e+001  6.4208411e+001
  1.7800000e+003  5.5561265e+001  1.5020579e+002  5.9838536e+001  6.3629318e+001
  1.8000000e+003  5.5490375e+001  1.5173196e+002  5.9609697e+001  6.2998798e+001
  1.8200000e+003  5.5466267e+001  1.5516641e+002  5.9318893e+001  6.2324168e+001
  1.8400000e+003  5.5511730e+001  1.4922430e+002  5.9150152e+001  6.1610387e+001
  1.8600000e+003  5.5583849e+001  1.5007776e+002  5.8869800e+001  6.0875625e+001
  1.8800000e+003  5.5688284e+001  1.5004810e+002  5.8799117e+001  6.0125717e+001
  1.9000000e+003  5.5812854e+001  1.5001787e+002  5.8932840e+001  5.9374644e+001
  1.9200000e+003  5.5944231e+001  1.4998381e+002  5.9243924e+001  5.8636678e+001
  1.9400000e+003  5.6067490e+001  1.4995123e+002  5.9617328e+001  5.7927211e+001
  1.9600000e+003  5.6168870e+001  1.4992635e+002  5.9938920e+001  5.7260071e+001
  1.9800000e+003  5.6238399e+001  1.4990950e+002  6.0171435e+001  5.6644986e+001
  2.0000000e+003  5.6270060e+001  1.4990042e+002  6.0326191e+001  5.6087498e+001
  2.0200000e+003  5.6261425e+001  1.4989993e+002  6.0423968e+001  5.5589397e+001
  2.0400000e+003  5.6213584e+001  1.4990874e+002  6.0482224e+001  5.5148847e+001
  2.0600000e+003  5.6131542e+001  1.4930678e+002  6.0514486e+001  5.4760476e+001
  2.0800000e+003  5.6023406e+001  1.4882261e+002  6.0527306e+001  5.4415783e+001
  2.1000000e+003  5.5899156e+001  1.4859251e+002  6.0525808e+001  5.4103559e+001
  2.1200000e+003  5.5766393e+001  1.5004851e+002  6.0511132e+001  5.3810725e+001
  2.1400000e+003  5.5645268e+001  1.5007862e+002  6.0489355e+001  5.3522628e+001
  2.1600000e+003  5.5547348e+001  1.5012557e+002  6.0458411e+001  5.3224697e+001
  2.1800000e+003  5.5485092e+001  1.5209491e+002  6.0413945e+001  5.2903018e+001
  2.2000000e+003  5.5466930e+001  1.5588407e+002  6.0352276e+001  5.2545268e+001
  2.2200000e+003  5.5518241e+001  1.4898103e+002  6.0293844e+001  5.2140371e+001
  2.2400000e+003  5.5626679e+001  1.5015704e+002  6.0197989e+001  5.1682633e+001
  2.2600000e+003  5.5802022e+001  1.5014027e+002  6.0071216e+001  5.1168018e+001
  2.2800000e+003  5.6043461e+001  1.5012315e+002  5.9902351e+001  5.0596807e+001
  2.3000000e+003  5.6346603e+001  1.5010156e+002  5.9685281e+001  4.9972872e+001
  2.3200000e+003  5.6703956e+001  1.5007843e+002  5.9427246e+001  4.9303211e+001
  2.3400000e+003  5.7105745e+001  1.5005589e+002  5.9161617e+001  4.8597135e+001
  2.3600000e+003  5.7540773e+001  1.5003461e+002  5.8953967e+001  4.7865407e+001
  2.3800000e+003  5.7996894e+001  1.5001367e+002  5.8886880e+001  4.7119762e+001
  2.4000000e+003  5.8460849e+001  1.4999106e+002  5.9016121e+001  4.6373083e+001
  2.4200000e+003  5.8917755e+001  1.4996557e+002  5.9315925e+001  4.5639895e+001
  2.4400000e+003  5.9351663e+001  1.4993988e+002  5.9674226e+001  4.4935817e+001
  2.4600000e+003  5.9748296e+001  1.4991811e+002  5.9982045e+001  4.4274808e+001
  2.4800000e+003  6.0097516e+001  1.4990129e+002  6.0204326e+001  4.3666708e+001
  2.5000000e+003  6.0393412e+001  1.4989032e+002  6.0351920e+001  4.3117147e+001
  2.5200000e+003  6.0633897e+001  1.4988682e+002  6.0444720e+001  4.2627947e+001
  2.5400000e+003  6.0820598e+001  1.4989215e+002  6.0499489e+001  4.2197229e+001
  2.5600000e+003  6.0958716e+001  1.4990681e+002  6.0528123e+001  4.1819555e+001
  2.5800000e+003  6.1056719e+001  1.4993014e+002  6.0538493e+001  4.1486233e+001
  2.6000000e+003  6.1125826e+001  1.4996036e+002  6.0535570e+001  4.1185834e+001
  2.6200000e+003  6.1179300e+001  1.4999481e+002  6.0522282e+001  4.0904896e+001
  2.6400000e+003  6.1231614e+001  1.5003023e+002  6.0500040e+001  4.0628765e+001
  2.6600000e+003  6.1297520e+001  1.5006324e+002  6.0469004e+001  4.0342513e+001
  2.6800000e+003  6.1391103e+001  1.5009069e+002  6.0428111e+001  4.0031897e+001
  2.7000000e+003  6.1524857e+001  1.5011012e+002  6.0374907e+001  3.9684272e+001
  2.7200000e+003  6.1708859e+001  1.5012008e+002  6.0305196e+001  3.9289418e+001
  2.7400000e+003  6.1950090e+001  1.5012036e+002  6.0212632e+001  3.8840221e+001
  2.7600000e+003  6.2251957e+001  1.5011204e+002  6.0088627e+001  3.8333147e+001
  2.7800000e+003  6.2614072e+001  1.5009724e+002  5.9923607e+001  3.7768459e+001
  2.8000000e+003  6.3032367e+001  1.5007870e+002  5.9711512e+001  3.7150108e+001
  2.8200000e+003  6.3499598e+001  1.5005911e+002  5.9459311e+001  3.6485222e+001
  2.8400000e+003  6.4006162e+001  1.5004028e+002  5.9199606e+001  3.5783292e+001
  2.8600000e+003  6.4540980e+001  1.5002266e+002  5.8996677e+001  3.5055290e+001
  2.8800000e+003  6.5091979e+001  1.5000525e+002  5.8931415e+001  3.4313186e+001
  2.9000000e+003  6.5645933e+001  1.4998604e+002  5.9057876e+001  3.3570108e+001
  2.9200000e+003  6.6187981e+001  1.4996370e+002  5.9349710e+001  3.2840824e+001
  2.9400000e+003  6.6702228e+001  1.4994025e+002  5.9697143e+001  3.2141141e+001
  2.9600000e+003  6.7174516e+001  1.4991931e+002  5.9995139e+001  3.1485127e+001
  2.9800000e+003  6.7594830e+001  1.4990224e+002  6.0210294e+001  3.0882714e+001
  3.0000000e+003  6.7957382e+001  1.4989038e+002  6.0353100e+001  3.0339604e+001
  3.0200000e+003  6.8260249e+001  1.4988566e+002  6.0442773e+001  2.9857638e+001
  3.0400000e+003  6.8505263e+001  1.4988971e+002  6.0495543e+001  2.9434905e+001
  3.0600000e+003  6.8697873e+001  1.4990318e+002  6.0522943e+001  2.9065877e+001
  3.0800000e+003  6.8846828e+001  1.4992552e+002  6.0532611e+001  2.8741728e+001
  3.1000000e+003  6.8963652e+001  1.4995499e+002  6.0529371e+001  2.8450862e+001
  3.1200000e+003  6.9061928e+001  1.4998891e+002  6.0516061e+001  2.8179624e+001
  3.1400000e+003  6.9156453e+001  1.5002399e+002  6.0494046e+001  2.7913154e+001
  3.1600000e+003  6.9262291e+001  1.5005676e+002  6.0463474e+001  2.7636322e+001
  3.1800000e+003  6.9393815e+001  1.5008407e+002  6.0423298e+001  2.7334696e+001
  3.2000000e+003  6.9563776e+001  1.5010340e+002  6.0371112e+001  2.6995472e+001
  3.2200000e+003  6.9782465e+001  1.5011334e+002  6.0302805e+001  2.6608302e+001
  3.2400000e+003  7.0057028e+001  1.5011370e+002  6.0212154e+001  2.6165988e+001
  3.2600000e+003  7.0390983e+001  1.5010560e+002  6.0090726e+001  2.5664961e+001
  3.2800000e+003  7.0784000e+001  1.5009122e+002  5.9929095e+001  2.5105501e+001
  3.3000000e+003  7.1232015e+001  1.5007329e+002  5.9721242e+001  2.4491618e+001
  3.3200000e+003  7.1727739e+001  1.5005443e+002  5.9473928e+001  2.3830550e+001
  3.3400000e+003  7.2261485e+001  1.5003641e+002  5.9219165e+001  2.3131930e+001
  3.3600000e+003  7.2822057e+001  1.5001958e+002  5.9020228e+001  2.2406901e+001
  3.3800000e+003  7.3397249e+001  1.5000290e+002  5.8956697e+001  2.1667617e+001
  3.4000000e+003  7.3973684e+001  1.4998435e+002  5.9081320e+001  2.0927405e+001
  3.4200000e+003  7.4536352e+001  1.4996253e+002  5.9367336e+001  2.0201227e+001
  3.4400000e+003  7.4379251e+001  1.4993932e+002  5.9706773e+001  2.0195034e+001
  3.4600000e+003  7.3868171e+001  1.4991821e+002  5.9997586e+001  2.0542985e+001
  3.4800000e+003  7.3303058e+001  1.4990066e+002  6.0207598e+001  2.0945085e+001
  3.5000000e+003  7.2678102e+001  1.4988821e+002  6.0347030e+001  2.1407091e+001
  3.5200000e+003  7.1991394e+001  1.4988294e+002  6.0434585e+001  2.1930860e+001
  3.5400000e+003  7.1244819e+001  1.4988655e+002  6.0486088e+001  2.2514452e+001
  3.5600000e+003  7.0443922e+001  1.4989977e+002  6.0512796e+001  2.3152269e+001
  3.5800000e+003  6.9597578e+001  1.4992207e+002  6.0522169e+001  2.3835379e+001
  3.6000000e+003  6.8717465e+001  1.4995168e+002  6.0518917e+001  2.4552051e+001
  3.6200000e+003  6.7817337e+001  1.4998590e+002  6.0505813e+001  2.5288477e+001
  3.6400000e+003  6.6912164e+001  1.5002137e+002  6.0484185e+001  2.6029635e+001
  3.6600000e+003  6.6017183e+001  1.5005461e+002  6.0454172e+001  2.6760237e+001
  3.6800000e+003  6.5146926e+001  1.5008236e+002  6.0414739e+001  2.7465702e+001
  3.7000000e+003  6.4314277e+001  1.5010213e+002  6.0363518e+001  2.8133098e+001
  3.7200000e+003  6.3529632e+001  1.5011242e+002  6.0296461e+001  2.8751979e+001
  3.7400000e+003  6.2800206e+001  1.5011306e+002  6.0207441e+001  2.9315084e+001
  3.7600000e+003  6.2129546e+001  1.5010514e+002  6.0088143e+001  2.9818815e+001
  3.7800000e+003  6.1517311e+001  1.5009083e+002  5.9929254e+001  3.0263463e+001
  3.8000000e+003  6.0959385e+001  1.5007287e+002  5.9724789e+001  3.0653090e+001
  3.8200000e+003  6.0448390e+001  1.5005388e+002  5.9481352e+001  3.0995020e+001
  3.8400000e+003  5.9974521e+001  1.5003562e+002  5.9230502e+001  3.1298997e+001
  3.8600000e+003  5.9526440e+001  1.5001844e+002  5.9034743e+001  3.1576299e+001
  3.8800000e+003  5.9091786e+001  1.5000126e+002  5.8972649e+001  3.1839226e+001
  3.9000000e+003  5.8657015e+001  1.4998202e+002  5.9095976e+001  3.2101259e+001
  3.9200000e+003  5.8206953e+001  1.4995930e+002  5.9377667e+001  3.2377510e+001
  3.9400000e+003  5.7725468e+001  1.4993514e+002  5.9711148e+001  3.2684047e+001
  3.9600000e+003  5.7198262e+001  1.4991312e+002  5.9996632e+001  3.3035099e+001
  3.9800000e+003  5.6615201e+001  1.4989479e+002  6.0202853e+001  3.3440726e+001
  4.0000000e+003  5.5970411e+001  1.4988176e+002  6.0339828e+001  3.3906730e+001
  4.0200000e+003  5.5261943e+001  1.4987618e+002  6.0425873e+001  3.4434980e+001
  4.0400000e+003  5.4491679e+001  1.4987979e+002  6.0476509e+001  3.5023511e+001
  4.0600000e+003  5.3665186e+001  1.4989329e+002  6.0502785e+001  3.5666671e+001
  4.0800000e+003  5.2791389e+001  1.4991613e+002  6.0512022e+001  3.6355445e+001
  4.1000000e+003  5.1882033e+001  1.4994652e+002  6.0508848e+001  3.7077997e+001
  4.1200000e+003  5.0950951e+001  1.4998169e+002  6.0495981e+001  3.7820399e+001
  4.1400000e+003  5.0013196e+001  1.5001824e+002  6.0474727e+001  3.8567503e+001
  4.1600000e+003  5.0044084e+001  1.5005263e+002  6.0445214e+001  3.9303897e+001
  4.1800000e+003  5.0138209e+001  1.5008156e+002  6.0406418e+001  4.0014884e+001
  4.2000000e+003  5.0268504e+001  1.5010246e+002  6.0355998e+001  4.0687434e+001
  4.2200000e+003  5.0445383e+001  1.5011378e+002  6.0289956e+001  4.1311024e+001
  4.2400000e+003  5.0676050e+001  1.5011522e+002  6.0202237e+001  4.1878344e+001
  4.2600000e+003  5.0964009e+001  1.5010778e+002  6.0084616e+001  4.2385774e+001
  4.2800000e+003  5.1308837e+001  1.5009355e+002  5.9927866e+001  4.2833617e+001
  4.3000000e+003  5.1706305e+001  1.5007519e+002  5.9726032e+001  4.3225972e+001
  4.3200000e+003  5.2148886e+001  1.5005535e+002  5.9485599e+001  4.3570230e+001
  4.3400000e+003  5.2626601e+001  1.5003582e+002  5.9237779e+001  4.3876224e+001
  4.3600000e+003  5.3127914e+001  1.5001699e+002  5.9044492e+001  4.4155335e+001
  4.3800000e+003  5.3640248e+001  1.4999774e+002  5.8983543e+001  4.4419977e+001
  4.4000000e+003  5.4149835e+001  1.4997587e+002  5.9105932e+001  4.4683750e+001
  4.4200000e+003  5.4641266e+001  1.4995006e+002  5.9384388e+001  4.4961884e+001
  4.4400000e+003  5.5098196e+001  1.4992286e+002  5.9713404e+001  4.5270536e+001
  4.4600000e+003  5.5506140e+001  1.4989834e+002  5.9994895e+001  4.5623988e+001
  4.4800000e+003  5.5854776e+001  1.4987815e+002  6.0198279e+001  4.6032348e+001
  4.5000000e+003  5.6138038e+001  1.4986392e+002  6.0333425e+001  4.6501448e+001
  4.5200000e+003  5.6353803e+001  1.4985780e+002  6.0418358e+001  4.7033166e+001
  4.5400000e+003  5.6503789e+001  1.4986148e+002  6.0468368e+001  4.7625522e+001
  4.5600000e+003  5.6593412e+001  1.4987561e+002  6.0494346e+001  4.8272818e+001
  4.5800000e+003  5.6631451e+001  1.4989956e+002  6.0503511e+001  4.8965974e+001
  4.6000000e+003  5.6629506e+001  1.4993145e+002  6.0500425e+001  4.9693074e+001
  4.6200000e+003  5.6601262e+001  1.4996844e+002  6.0487769e+001  5.0440098e+001
  4.6400000e+003  5.6561609e+001  1.5000711e+002  6.0466826e+001  5.1191800e+001
  4.6600000e+003  5.6525679e+001  1.5004384e+002  6.0437718e+001  5.1932670e+001
  4.6800000e+003  5.6507859e+001  1.5007527e+002  6.0399431e+001  5.2647925e+001
  4.7000000e+003  5.6520836e+001  1.5009871e+002  6.0349643e+001  5.3324456e+001
  4.7200000e+003  5.6574739e+001  1.5011242e+002  6.0284394e+001  5.3951685e+001
  4.7400000e+003  5.6676444e+001  1.5011582e+002  6.0197682e+001  5.4522259e+001
  4.7600000e+003  5.6829074e+001  1.5010956e+002  6.0081354e+001  5.5032547e+001
  4.7800000e+003  5.7031774e+001  1.5009535e+002  5.9926250e+001  5.5482855e+001
  4.8000000e+003  5.7279832e+001  1.5007559e+002  5.9726439e+001  5.5877315e+001
  4.8200000e+003  5.7565182e+001  1.5005281e+002  5.9488320e+001  5.6223369e+001
  4.8400000e+003  5.7877257e+001  1.5002890e+002  5.9242850e+001  5.6530917e+001
  4.8600000e+003  5.8203892e+001  1.5000431e+002  5.9051499e+001  5.6811421e+001
  4.8800000e+003  5.8531843e+001  1.4997777e+002  5.8991488e+001  5.7077383e+001
  4.9000000e+003  5.8846644e+001  1.4994680e+002  5.9113232e+001  5.7342495e+001
  4.9200000e+003  5.9132173e+001  1.4991034e+002  5.9389284e+001  5.7622077e+001
  4.9400000e+003  5.9371380e+001  1.4987268e+002  5.9714933e+001  5.7932355e+001
  4.9600000e+003  5.9549095e+001  1.4983964e+002  5.9993381e+001  5.8287655e+001
  4.9800000e+003  5.9654332e+001  1.4981323e+002  6.0194588e+001  5.8698118e+001
  5.0000000e+003  5.9680413e+001  1.4979509e+002  6.0328320e+001  5.9169602e+001
  5.0200000e+003  5.9624844e+001  1.4928304e+002  6.0413481e+001  5.9703960e+001
  5.0400000e+003  5.9491291e+001  1.4753228e+002  6.0466289e+001  6.0299124e+001
  5.0600000e+003  5.9281658e+001  1.5283972e+002  6.0482578e+001  6.0949799e+001
  5.0800000e+003  5.9003346e+001  1.4979210e+002  6.0496657e+001  6.1646219e+001
  5.1000000e+003  5.8671005e+001  1.4984365e+002  6.0493617e+001  6.2376822e+001
  5.1200000e+003  5.8298592e+001  1.4990377e+002  6.0481104e+001  6.3127405e+001
  5.1400000e+003  5.7902235e+001  1.4996792e+002  6.0460382e+001  6.3882648e+001
  5.1600000e+003  5.7498866e+001  1.5003205e+002  6.0431565e+001  6.4626966e+001
  5.1800000e+003  5.7105276e+001  1.5009211e+002  6.0393641e+001  6.5345509e+001
  5.2000000e+003  5.6737189e+001  1.5014431e+002  6.0344299e+001  6.6025108e+001
  5.2200000e+003  5.6408365e+001  1.5018540e+002  6.0279602e+001  6.6655141e+001
  5.2400000e+003  5.6129811e+001  1.5021285e+002  6.0193585e+001  6.7228225e+001
  5.2600000e+003  5.5909138e+001  1.5022525e+002  6.0078141e+001  6.7740718e+001
  5.2800000e+003  5.5750137e+001  1.5022265e+002  5.9924163e+001  6.8192932e+001
  5.3000000e+003  5.5652685e+001  1.5020946e+002  5.9725745e+001  6.8589023e+001
  5.3200000e+003  5.5608542e+001  1.5369256e+002  5.9469422e+001  6.8937068e+001
  5.3400000e+003  5.5607517e+001  1.5678396e+002  5.9197402e+001  6.9246886e+001
  5.3600000e+003  5.5680648e+001  1.5007315e+002  5.9065834e+001  6.9526446e+001
  5.3800000e+003  5.5766325e+001  1.5004847e+002  5.8996279e+001  6.9793678e+001
  5.4000000e+003  5.5871940e+001  1.5001484e+002  5.9117185e+001  7.0059838e+001
  5.4200000e+003  5.5982869e+001  1.4997815e+002  5.9391489e+001  7.0340542e+001
  5.4400000e+003  5.6083328e+001  1.4994372e+002  5.9714730e+001  7.0652077e+001
  5.4600000e+003  5.6159053e+001  1.4991711e+002  5.9991037e+001  7.1008803e+001
  5.4800000e+003  5.6199656e+001  1.4989875e+002  6.0190743e+001  7.1420888e+001
  5.5000000e+003  5.6198801e+001  1.4988885e+002  6.0323532e+001  7.1894209e+001
  5.5200000e+003  5.6153974e+001  1.4988843e+002  6.0407053e+001  7.2430655e+001
  5.5400000e+003  5.6067110e+001  1.4907767e+002  6.0457873e+001  7.3028167e+001
  5.5600000e+003  5.5943804e+001  1.4832072e+002  6.0484543e+001  7.3681027e+001
  5.5800000e+003  5.5788441e+001  1.5083542e+002  6.0489364e+001  7.4380274e+001
  5.6000000e+003  5.5615263e+001  1.4997723e+002  6.0488063e+001  7.5113533e+001
  5.6200000e+003  5.5437276e+001  1.5002981e+002  6.0475716e+001  7.5866850e+001
  5.6400000e+003  5.5268863e+001  1.5008375e+002  6.0455213e+001  7.6624810e+001
  5.6600000e+003  5.5124877e+001  1.5013452e+002  6.0426668e+001  7.7371774e+001
  5.6800000e+003  5.5019479e+001  1.5017810e+002  6.0389072e+001  7.8092837e+001
  5.7000000e+003  5.4963822e+001  1.5308717e+002  6.0335161e+001  7.8774946e+001
  5.7200000e+003  5.4964071e+001  1.5765028e+002  6.0260819e+001  7.9407570e+001
  5.7400000e+003  5.5046356e+001  1.5052409e+002  6.0190882e+001  7.9981953e+001
  5.7600000e+003  5.5192029e+001  1.5015002e+002  6.0076102e+001  7.9556129e+001
  5.7800000e+003  5.5407765e+001  1.5013382e+002  5.9923212e+001  7.9009789e+001
  5.8000000e+003  5.5688864e+001  1.5011012e+002  5.9726103e+001  7.8407111e+001
  5.8200000e+003  5.6027322e+001  1.5008475e+002  5.9491055e+001  7.7755606e+001
  5.8400000e+003  5.6412674e+001  1.5006002e+002  5.9248669e+001  7.7065269e+001
  5.8600000e+003  5.6832915e+001  1.5003671e+002  5.9059814e+001  7.6347670e+001
  5.8800000e+003  5.7275011e+001  1.5001380e+002  5.9000929e+001  7.5615431e+001
  5.9000000e+003  5.7724763e+001  1.4998920e+002  5.9121678e+001  7.4882368e+001
  5.9200000e+003  5.8166373e+001  1.4996185e+002  5.9394446e+001  7.4163923e+001
  5.9400000e+003  5.8583189e+001  1.4993461e+002  5.9715655e+001  7.3476413e+001
  5.9600000e+003  5.8960509e+001  1.4991134e+002  5.9990205e+001  7.2834222e+001
  5.9800000e+003  5.9287845e+001  1.4989317e+002  6.0188686e+001  7.2247538e+001
  6.0000000e+003  5.9559021e+001  1.4988134e+002  6.0320694e+001  7.1722254e+001
  6.0200000e+003  5.9771875e+001  1.4987767e+002  6.0403745e+001  7.1260262e+001
  6.0400000e+003  5.9928171e+001  1.4988362e+002  6.0452723e+001  7.0859550e+001
  6.0600000e+003  6.0033442e+001  1.4989966e+002  6.0478241e+001  7.0514341e+001
  6.0800000e+003  6.0096662e+001  1.4992503e+002  6.0487338e+001  7.0215438e+001
  6.1000000e+003  6.0129682e+001  1.4995779e+002  6.0484462e+001  6.9950777e+001
  6.1200000e+003  6.0146493e+001  1.4999502e+002  6.0472226e+001  6.9706170e+001
  6.1400000e+003  6.0162330e+001  1.5003322e+002  6.0451878e+001  6.9466194e+001
  6.1600000e+003  6.0192706e+001  1.5006876e+002  6.0423532e+001  6.9215167e+001
  6.1800000e+003  6.0252402e+001  1.5009826e+002  6.0386185e+001  6.8938144e+001
  6.2000000e+003  6.0354514e+001  1.5011909e+002  6.0337553e+001  6.8621878e+001
  6.2200000e+003  6.0509585e+001  1.5012971e+002  6.0273745e+001  6.8255685e+001
  6.2400000e+003  6.0724903e+001  1.5012990e+002  6.0188855e+001  6.7832144e+001
  6.2600000e+003  6.1003999e+001  1.5012080e+002  6.0074849e+001  6.7347595e+001
  6.2800000e+003  6.1346429e+001  1.5010472e+002  5.9922685e+001  6.6802359e+001
  6.3000000e+003  6.1747887e+001  1.5008463e+002  5.9726464e+001  6.6200623e+001
  6.3200000e+003  6.2200722e+001  1.5006341e+002  5.9492418e+001  6.5549921e+001
  6.3400000e+003  6.2694797e+001  1.5004303e+002  5.9251032e+001  6.4860280e+001
  6.3600000e+003  6.3218398e+001  1.5002400e+002  5.9062973e+001  6.4143306e+001
  6.3800000e+003  6.3758760e+001  1.5000523e+002  5.9004424e+001  6.3411659e+001
  6.4000000e+003  6.4301926e+001  1.4998463e+002  5.9124805e+001  6.2679198e+001
  6.4200000e+003  6.4832323e+001  1.4996091e+002  5.9396454e+001  6.1961404e+001
  6.4400000e+003  6.5333514e+001  1.4993626e+002  5.9716176e+001  6.1274624e+001
  6.4600000e+003  6.5791008e+001  1.4991414e+002  5.9989425e+001  6.0633260e+001
  6.4800000e+003  6.6194514e+001  1.4989599e+002  6.0186993e+001  6.0047518e+001
  6.5000000e+003  6.6538045e+001  1.4988342e+002  6.0318418e+001  5.9523300e+001
  6.5200000e+003  6.6819621e+001  1.4987852e+002  6.0401119e+001  5.9062504e+001
  6.5400000e+003  6.7041183e+001  1.4988300e+002  6.0449905e+001  5.8663108e+001
  6.5600000e+003  6.7208441e+001  1.4989752e+002  6.0475335e+001  5.8319322e+001
  6.5800000e+003  6.7330539e+001  1.4992143e+002  6.0484417e+001  5.8021927e+001
  6.6000000e+003  6.7419494e+001  1.4995286e+002  6.0481578e+001  5.7758830e+001
  6.6200000e+003  6.7489458e+001  1.4998893e+002  6.0469418e+001  5.7515811e+001
  6.6400000e+003  6.7555818e+001  1.5002617e+002  6.0449180e+001  5.7277415e+001
  6.6600000e+003  6.7634228e+001  1.5006090e+002  6.0420973e+001  5.7027925e+001
  6.6800000e+003  6.7739605e+001  1.5008979e+002  6.0383800e+001  5.6752366e+001
  6.7000000e+003  6.7885163e+001  1.5011020e+002  6.0335384e+001  5.6437467e+001
  6.7200000e+003  6.8081555e+001  1.5012064e+002  6.0271844e+001  5.6072522e+001
  6.7400000e+003  6.8336163e+001  1.5012091e+002  6.0187294e+001  5.5650097e+001
  6.7600000e+003  6.8652600e+001  1.5011220e+002  6.0073723e+001  5.5166526e+001
  6.7800000e+003  6.9030492e+001  1.5009683e+002  5.9922110e+001  5.4622135e+001
  6.8000000e+003  6.9465588e+001  1.5007770e+002  5.9726561e+001  5.4021119e+001
  6.8200000e+003  6.9950285e+001  1.5005762e+002  5.9493280e+001  5.3371033e+001
  6.8400000e+003  7.0474479e+001  1.5003843e+002  5.9252660e+001  5.2681924e+001
  6.8600000e+003  7.1026485e+001  1.5002054e+002  5.9065220e+001  5.1965427e+001
  6.8800000e+003  7.1593558e+001  1.5000285e+002  5.9006946e+001  5.1234233e+001
  6.9000000e+003  7.2161758e+001  1.4998325e+002  5.9127073e+001  5.0502232e+001
  6.9200000e+003  7.2715525e+001  1.4996039e+002  5.9397896e+001  4.9784934e+001
  6.9400000e+003  7.3238439e+001  1.4993625e+002  5.9716505e+001  4.9098711e+001
  6.9600000e+003  7.3716033e+001  1.4991422e+002  5.9988773e+001  4.8457980e+001
  6.9800000e+003  7.4138038e+001  1.4989583e+002  6.0185650e+001  4.7872956e+001
  7.0000000e+003  7.4498492e+001  1.4988282e+002  6.0316632e+001  4.7349553e+001
  7.0200000e+003  7.4795442e+001  1.4987740e+002  6.0399067e+001  4.6889668e+001
  7.0400000e+003  7.5030859e+001  1.4988134e+002  6.0447707e+001  4.6491277e+001
  7.0600000e+003  7.5210491e+001  1.4989536e+002  6.0473072e+001  4.6148577e+001
  7.0800000e+003  7.5343519e+001  1.4991887e+002  6.0482144e+001  4.5852333e+001
  7.1000000e+003  7.5442001e+001  1.4995000e+002  6.0479334e+001  4.5590429e+001
  7.1200000e+003  7.5520130e+001  1.4998588e+002  6.0467233e+001  4.5348623e+001
  7.1400000e+003  7.5593334e+001  1.5002302e+002  6.0447078e+001  4.5111432e+001
  7.1600000e+003  7.5677303e+001  1.5005776e+002  6.0418979e+001  4.4863115e+001
  7.1800000e+003  7.5786986e+001  1.5008674e+002  6.0381939e+001  4.4588674e+001
  7.2000000e+003  7.5935628e+001  1.5010733e+002  6.0333686e+001  4.4274818e+001
  7.2200000e+003  7.6133902e+001  1.5011801e+002  6.0270350e+001  4.3910825e+001
  7.2400000e+003  7.6389202e+001  1.5011858e+002  6.0186058e+001  4.3489251e+001
  7.2600000e+003  7.6705151e+001  1.5011020e+002  6.0072816e+001  4.3006427e+001
  7.2800000e+003  7.7081370e+001  1.5009513e+002  5.9921620e+001  4.2462680e+001
  7.3000000e+003  7.7513601e+001  1.5007625e+002  5.9726581e+001  4.1862215e+001
  7.3200000e+003  7.7994222e+001  1.5005632e+002  5.9493882e+001  4.1212597e+001
  7.3400000e+003  7.8513108e+001  1.5003716e+002  5.9253847e+001  4.0523895e+001
  7.3600000e+003  7.9058543e+001  1.5001917e+002  5.9066884e+001  3.9807762e+001
  7.3800000e+003  7.9617753e+001  1.5000121e+002  5.9008830e+001  3.9076913e+001
  7.4000000e+003  8.0176760e+001  1.4998115e+002  5.9128775e+001  3.8345262e+001
  7.4200000e+003  8.0719969e+001  1.4995763e+002  5.9398983e+001  3.7628343e+001
  7.4400000e+003  8.1230925e+001  1.4993275e+002  5.9716753e+001  3.6942543e+001
  7.4600000e+003  8.1695133e+001  1.4991000e+002  5.9988275e+001  3.6302293e+001
  7.4800000e+003  8.2102296e+001  1.4989102e+002  6.0184624e+001  3.5717817e+001
  7.5000000e+003  8.2446419e+001  1.4987757e+002  6.0315267e+001  3.5195034e+001
  7.5200000e+003  8.2725524e+001  1.4987188e+002  6.0397498e+001  3.4735845e+001
  7.5400000e+003  8.2941557e+001  1.4987574e+002  6.0446025e+001  3.4338219e+001
  7.5600000e+003  8.3100243e+001  1.4988987e+002  6.0471339e+001  3.3996347e+001
  7.5800000e+003  8.3210742e+001  1.4991365e+002  6.0480402e+001  3.3700980e+001
  7.6000000e+003  8.3285093e+001  1.4994520e+002  6.0477614e+001  3.3439986e+001
  7.6200000e+003  8.3337465e+001  1.4998165e+002  6.0465557e+001  3.3199103e+001
  7.6400000e+003  8.3383263e+001  1.5001948e+002  6.0445466e+001  3.2962831e+001
  7.6600000e+003  8.3438150e+001  1.5005504e+002  6.0417448e+001  3.2715408e+001
  7.6800000e+003  8.3517045e+001  1.5008492e+002  6.0380508e+001  3.2441820e+001
  7.7000000e+003  8.3633153e+001  1.5010646e+002  6.0332379e+001  3.2128758e+001
  7.7200000e+003  8.3797102e+001  1.5011808e+002  6.0269196e+001  3.1765490e+001
  7.7400000e+003  8.4016235e+001  1.5011948e+002  6.0185098e+001  3.1344565e+001
  7.7600000e+003  8.4294112e+001  1.5011170e+002  6.0072104e+001  3.0862311e+001
  7.7800000e+003  8.4630283e+001  1.5009689e+002  5.9921222e+001  3.0319055e+001
  7.8000000e+003  8.5020410e+001  1.5007784e+002  5.9726570e+001  2.9719009e+001
  7.8200000e+003  8.5456779e+001  1.5005727e+002  5.9494313e+001  2.9069749e+001
  7.8400000e+003  8.5929165e+001  1.5003704e+002  5.9254730e+001  2.8381356e+001
  7.8600000e+003  8.6425743e+001  1.5001756e+002  5.9068139e+001  2.7665500e+001
  7.8800000e+003  8.6933621e+001  1.4999767e+002  5.9010267e+001  2.6934913e+001
  7.9000000e+003  8.7438695e+001  1.4997515e+002  5.9130094e+001  2.6203528e+001
  7.9200000e+003  8.7925239e+001  1.4994871e+002  5.9399851e+001  2.5486895e+001
  7.9400000e+003  8.8376663e+001  1.4992095e+002  5.9716989e+001  2.4801419e+001
  7.9600000e+003  8.8778327e+001  1.4989587e+002  5.9987939e+001  2.4161535e+001
  7.9800000e+003  8.9119785e+001  1.4987519e+002  6.0183877e+001  2.3577475e+001
  8.0000000e+003  8.9394882e+001  1.4986064e+002  6.0314252e+001  2.3055165e+001
  8.0200000e+003  8.9601473e+001  1.4985445e+002  6.0396320e+001  2.2596504e+001
  8.0400000e+003  8.9741328e+001  1.4985835e+002  6.0444755e+001  2.2199462e+001
  8.0600000e+003  8.9819982e+001  1.4987298e+002  6.0470026e+001  2.1858220e+001
  8.0800000e+003  8.9846398e+001  1.4989765e+002  6.0479079e+001  2.1563520e+001
  8.1000000e+003  8.9832403e+001  1.4993044e+002  6.0476305e+001  2.1303219e+001
  8.1200000e+003  8.9791940e+001  1.4996842e+002  6.0464280e+001  2.1063039e+001
  8.1400000e+003  8.9740170e+001  1.5000807e+002  6.0444235e+001  2.0827466e+001
  8.1600000e+003  8.9692494e+001  1.5004570e+002  6.0416278e+001  2.0580725e+001
  8.1800000e+003  8.9663547e+001  1.5007787e+002  6.0379412e+001  2.0307784e+001
  8.2000000e+003  8.9664473e+001  1.5010182e+002  6.0331376e+001  1.9997083e+001
  8.2200000e+003  8.8725833e+001  1.5011578e+002  6.0268308e+001  2.0617612e+001
  8.2400000e+003  8.7819345e+001  1.5011918e+002  6.0184355e+001  2.1197182e+001
  8.2600000e+003  8.6964932e+001  1.5011269e+002  6.0071548e+001  2.1715361e+001
  8.2800000e+003  8.6161724e+001  1.5009807e+002  5.9920905e+001  2.2172479e+001
  8.3000000e+003  8.5404923e+001  1.5007779e+002  5.9726553e+001  2.2572752e+001
  8.3200000e+003  8.4686328e+001  1.5005446e+002  5.9494647e+001  2.2923763e+001
  8.3400000e+003  8.3995184e+001  1.5002998e+002  5.9255435e+001  2.3235605e+001
  8.3600000e+003  8.3319110e+001  1.5000486e+002  5.9069171e+001  2.3519958e+001
  8.3800000e+003  8.2644621e+001  1.4997778e+002  5.9011494e+001  2.3789568e+001
  8.4000000e+003  8.1956998e+001  1.4994624e+002  5.9131289e+001  2.4058382e+001
  8.4200000e+003  8.1239879e+001  1.4990926e+002  5.9400743e+001  2.4341966e+001
  8.4400000e+003  8.0476026e+001  1.4987118e+002  5.9717398e+001  2.4656732e+001
  8.4600000e+003  7.9650151e+001  1.4983773e+002  5.9987876e+001  2.5017125e+001
  8.4800000e+003  7.8751172e+001  1.4981094e+002  6.0183454e+001  2.5433382e+001
  8.5000000e+003  7.7772336e+001  1.4979257e+002  6.0313584e+001  2.5911430e+001
  8.5200000e+003  7.6711207e+001  1.4915181e+002  6.0396863e+001  2.6453132e+001
  8.5400000e+003  7.5571567e+001  1.4737863e+002  6.0448375e+001  2.7056394e+001
  8.5600000e+003  7.4354479e+001  1.5076978e+002  6.0466407e+001  2.7715785e+001
  8.5800000e+003  7.3068953e+001  1.4979009e+002  6.0477968e+001  2.8421538e+001
  8.6000000e+003  7.1728787e+001  1.4984264e+002  6.0475172e+001  2.9161767e+001
  8.6200000e+003  7.0348345e+001  1.4990346e+002  6.0463145e+001  2.9922127e+001
  8.6400000e+003  6.8943921e+001  1.4996829e+002  6.0443111e+001  3.0687090e+001
  8.6600000e+003  6.7532597e+001  1.5003301e+002  6.0415173e+001  3.1440872e+001
  8.6800000e+003  6.6131301e+001  1.5009355e+002  6.0378333e+001  3.2168431e+001
  8.7000000e+003  6.4755863e+001  1.5014610e+002  6.0330326e+001  3.2856441e+001
  8.7200000e+003  6.3420120e+001  1.5018740e+002  6.0267290e+001  3.3494154e+001
  8.7400000e+003  6.2135122e+001  1.5021492e+002  6.0183371e+001  3.4074108e+001
  8.7600000e+003  6.0908490e+001  1.5022726e+002  6.0070604e+001  3.4592627e+001
  8.7800000e+003  5.9743996e+001  1.5022447e+002  5.9920016e+001  3.5050041e+001
  8.8000000e+003  5.8641466e+001  1.5020828e+002  5.9725746e+001  3.5450570e+001
  8.8200000e+003  5.7593312e+001  1.5338664e+002  5.9476477e+001  3.5802330e+001
  8.8400000e+003  5.6588457e+001  1.5649778e+002  5.9209922e+001  3.6115395e+001
  8.8600000e+003  5.5655907e+001  1.5000100e+002  5.9082972e+001  3.6397900e+001
  8.8800000e+003  5.4737105e+001  1.5004855e+002  5.9011495e+001  3.6668008e+001
  8.9000000e+003  5.3838177e+001  1.5001424e+002  5.9130815e+001  3.6936997e+001
  8.9200000e+003  5.2944271e+001  1.4997715e+002  5.9400106e+001  3.7220755e+001
  8.9400000e+003  5.2039496e+001  1.4994242e+002  5.9716529e+001  3.7535715e+001
  8.9600000e+003  5.1109531e+001  1.4991554e+002  5.9986797e+001  3.7896328e+001
  8.9800000e+003  5.0143938e+001  1.4989697e+002  6.0182239e+001  3.8312834e+001
  9.0000000e+003  4.9961346e+001  1.4988698e+002  6.0312299e+001  3.8791164e+001
  9.0200000e+003  4.9909250e+001  1.4979853e+002  6.0394322e+001  3.9333217e+001
  9.0400000e+003  4.9814890e+001  1.4889972e+002  6.0444409e+001  3.9936900e+001
  9.0600000e+003  4.9683674e+001  1.4813059e+002  6.0470620e+001  4.0596438e+001
  9.0800000e+003  4.9519140e+001  1.5016938e+002  6.0476375e+001  4.1302755e+001
  9.1000000e+003  4.9337386e+001  1.4997671e+002  6.0474025e+001  4.2043384e+001
  9.1200000e+003  4.9150633e+001  1.5003024e+002  6.0462049e+001  4.2804159e+001
  9.1400000e+003  4.8973567e+001  1.5008485e+002  6.0442069e+001  4.3569535e+001
  9.1600000e+003  4.8821194e+001  1.5013623e+002  6.0414191e+001  4.4323717e+001
  9.1800000e+003  4.8707813e+001  1.5018034e+002  6.0377420e+001  4.5051657e+001
  9.2000000e+003  4.8645140e+001  1.5256910e+002  6.0325514e+001  4.5740146e+001
  9.2200000e+003  4.8639127e+001  1.5720146e+002  6.0252598e+001  4.6378607e+001
  9.2400000e+003  4.8714034e+001  1.4987273e+002  6.0184564e+001  4.6958254e+001
  9.2600000e+003  4.8854204e+001  1.5015795e+002  6.0070348e+001  4.7477062e+001
  9.2800000e+003  4.9065148e+001  1.5013566e+002  5.9920034e+001  4.7934688e+001
  9.3000000e+003  4.9342083e+001  1.5011166e+002  5.9726072e+001  4.8335394e+001
  9.3200000e+003  4.9676916e+001  1.5008590e+002  5.9494605e+001  4.8686775e+001
  9.3400000e+003  5.0059074e+001  1.5006080e+002  5.9255826e+001  4.8998937e+001
  9.3600000e+003  5.0476415e+001  1.5003713e+002  5.9069902e+001  4.9283579e+001
  9.3800000e+003  5.0915766e+001  1.5001388e+002  5.9012359e+001  4.9553462e+001
  9.4000000e+003  5.1362774e+001  1.4998894e+002  5.9131980e+001  4.9822554e+001
  9.4200000e+003  5.1801498e+001  1.4996127e+002  5.9400947e+001  5.0106437e+001
  9.4400000e+003  5.2215174e+001  1.4993377e+002  5.9716989e+001  5.0421537e+001
  9.4600000e+003  5.2589030e+001  1.4991025e+002  5.9986963e+001  5.0782308e+001
  9.4800000e+003  5.2912520e+001  1.4989187e+002  6.0182213e+001  5.1198994e+001
  9.5000000e+003  5.3179426e+001  1.4987991e+002  6.0312153e+001  5.1677528e+001
  9.5200000e+003  5.3387575e+001  1.4987622e+002  6.0393965e+001  5.2219813e+001
  9.5400000e+003  5.3538751e+001  1.4988227e+002  6.0442264e+001  5.2823811e+001
  9.5600000e+003  5.3638541e+001  1.4989855e+002  6.0467481e+001  5.3483695e+001
  9.5800000e+003  5.3695996e+001  1.4992426e+002  6.0476536e+001  5.4190187e+001
  9.6000000e+003  5.3723069e+001  1.4995742e+002  6.0473802e+001  5.4931122e+001
  9.6200000e+003  5.3733860e+001  1.4999510e+002  6.0461847e+001  5.5692198e+001
  9.6400000e+003  5.3743727e+001  1.5003375e+002  6.0441897e+001  5.6457873e+001
  9.6600000e+003  5.3768297e+001  1.5006969e+002  6.0414057e+001  5.7212345e+001
  9.6800000e+003  5.3822461e+001  1.5009951e+002  6.0377335e+001  5.7940562e+001
  9.7000000e+003  5.3919407e+001  1.5012057e+002  6.0329472e+001  5.8629184e+001
  9.7200000e+003  5.4069751e+001  1.5013129e+002  6.0266620e+001  5.9267454e+001
  9.7400000e+003  5.4280824e+001  1.5013146e+002  6.0182937e+001  5.9847904e+001
  9.7600000e+003  5.4556178e+001  1.5012223e+002  6.0070473e+001  6.0366855e+001
  9.7800000e+003  5.4895357e+001  1.5010595e+002  5.9920260e+001  6.0824640e+001
  9.8000000e+003  5.5294018e+001  1.5008560e+002  5.9726427e+001  6.1225482e+001
  9.8200000e+003  5.5744446e+001  1.5006412e+002  5.9495101e+001  6.1576979e+001
  9.8400000e+003  5.6236418e+001  1.5004349e+002  5.9256453e+001  6.1889242e+001
  9.8600000e+003  5.6758123e+001  1.5002423e+002  5.9070618e+001  6.2173974e+001
  9.8800000e+003  5.7296687e+001  1.5000523e+002  5.9013087e+001  6.2443944e+001
  9.9000000e+003  5.7838041e+001  1.4998441e+002  5.9132610e+001  6.2713124e+001
  9.9200000e+003  5.8366502e+001  1.4996048e+002  5.9401373e+001  6.2997103e+001
  9.9400000e+003  5.8865549e+001  1.4993564e+002  5.9717175e+001  6.3312311e+001
  9.9600000e+003  5.9320640e+001  1.4991333e+002  5.9986954e+001  6.3673204e+001
  9.9800000e+003  5.9721440e+001  1.4989501e+002  6.0182073e+001  6.4090028e+001
  1.0000000e+004  6.0061931e+001  1.4988233e+002  6.0311930e+001  6.4568717e+001

