  0.0000000e+000  2.0000000e+001  0.0000000e+000  0.0000000e+000  6.0000000e+001  1.2000000e+005
  2.0000000e+001  2.0000000e+001  1.1919282e+002  0.0000000e+000  6.0000000e+001  1.2000000e+006
  4.0000000e+001  2.0000000e+001  1.4982302e+002  0.0000000e+000  6.0000000e+001  1.2000000e+006
  6.0000000e+001  2.0000000e+001  1.5001191e+002  0.0000000e+000  6.0000000e+001  1.2000000e+006
  8.0000000e+001  2.0000000e+001  1.5000027e+002  0.0000000e+000  6.0000000e+001  1.2000000e+006
  1.0000000e+002  2.0000000e+001  1.4999969e+002  0.0000000e+000  6.0000000e+001  1.2000000e+006
  1.2000000e+002  2.0000000e+001  1.4999966e+002  0.0000000e+000  6.0000000e+001  1.2000000e+006
  1.4000000e+002  2.0000000e+001  1.4999961e+002  0.0000000e+000  6.0000000e+001  1.2000000e+006
  1.6000000e+002  2.0000000e+001  1.4999955e+002  0.0000000e+000  6.0000000e+001  1.2000000e+006
  1.8000000e+002  2.0000000e+001  1.4999949e+002  0.0000000e+000  6.0000000e+001  1.2000000e+006
  2.0000000e+002  2.0000000e+001  1.4999943e+002  0.0000000e+000  6.0000000e+001  1.2000000e+006
  2.2000000e+002  2.0000000e+001  1.4999936e+002  4.0000000e+004  6.0000000e+001  1.2000000e+006
  2.4000000e+002  2.0000000e+001  1.4999930e+002  8.0000000e+004  6.0000000e+001  1.2000000e+006
  2.6000000e+002  2.0000000e+001  1.4999924e+002  1.2000000e+005  6.0000000e+001  1.2000000e+006
  2.8000000e+002  2.0000000e+001  1.4999917e+002  1.6000000e+005  6.0000000e+001  1.2000000e+006
  3.0000000e+002  2.0000000e+001  1.4999910e+002  2.0000000e+005  6.0000000e+001  1.2000000e+006
  3.2000000e+002  2.0000000e+001  1.4999903e+002  2.4000000e+005  6.0000000e+001  1.2000000e+006
  3.4000000e+002  2.0000000e+001  1.4999896e+002  2.8000000e+005  6.0000000e+001  1.2000000e+006
  3.6000000e+002  2.0000000e+001  1.4999889e+002  3.2000000e+005  6.0000000e+001  1.2000000e+006
  3.8000000e+002  2.0000000e+001  1.4999881e+002  3.6000000e+005  6.0000000e+001  1.2000000e+006
  4.0000000e+002  2.0000000e+001  1.4999873e+002  4.0000000e+005  6.0000000e+001  1.2000000e+006
  4.2000000e+002  2.0000000e+001  1.4999865e+002  4.4000000e+005  6.0000000e+001  1.2000000e+006
  4.4000000e+002  2.0000000e+001  1.4999857e+002  4.8000000e+005  6.0000000e+001  1.2000000e+006
  4.6000000e+002  2.0000000e+001  1.4999848e+002  5.2000000e+005  6.0000000e+001  1.2000000e+006
  4.8000000e+002  2.0000000e+001  1.4999839e+002  5.6000000e+005  6.0000000e+001  1.2000000e+006
  5.0000000e+002  2.0000000e+001  1.4999830e+002  6.0000000e+005  6.0000000e+001  1.2000000e+006
  5.2000000e+002  2.0546986e+001  1.4999820e+002  6.4000000e+005  6.0000000e+001  1.2000000e+006
  5.4000000e+002  2.1087988e+001  1.4993669e+002  6.8000000e+005  6.0000000e+001  6.5571937e+005
  5.6000000e+002  2.1623072e+001  1.4996657e+002  7.2000000e+005  6.0000000e+001  5.6498449e+005
  5.8000000e+002  2.2152302e+001  1.4996429e+002  7.6000000e+005  6.0000000e+001  4.9699156e+005
  6.0000000e+002  2.2675743e+001  1.4996193e+002  8.0000000e+005  6.0000000e+001  4.3936001e+005
  6.2000000e+002  2.3193457e+001  1.4995943e+002  8.4000000e+005  6.0000000e+001  3.9011473e+005
  6.4000000e+002  2.3705507e+001  1.4995680e+002  8.8000000e+005  6.0000000e+001  3.4774881e+005
  6.6000000e+002  2.4211956e+001  1.4995402e+002  9.2000000e+005  6.0000000e+001  3.1108265e+005
  6.8000000e+002  2.4712865e+001  1.4995111e+002  9.6000000e+005  6.0000000e+001  2.7917970e+005
  7.0000000e+002  2.5208293e+001  1.4994805e+002  1.0000000e+006  6.0000000e+001  2.5128743e+005
  7.2000000e+002  2.5698302e+001  1.4998244e+002  1.0000000e+006  6.0000000e+001  2.4373287e+005
  7.4000000e+002  2.6182950e+001  1.4998186e+002  1.0000000e+006  6.0000000e+001  2.3719453e+005
  7.6000000e+002  2.6662297e+001  1.4998117e+002  1.0000000e+006  6.0000000e+001  2.3080320e+005
  7.8000000e+002  2.7136399e+001  1.4998045e+002  1.0000000e+006  6.0000000e+001  2.2455630e+005
  8.0000000e+002  2.7605315e+001  1.4997970e+002  1.0000000e+006  6.0000000e+001  2.1845125e+005
  8.2000000e+002  2.8069101e+001  1.4997891e+002  1.0000000e+006  6.0000000e+001  2.1248546e+005
  8.4000000e+002  2.8527813e+001  1.4997809e+002  1.0000000e+006  6.0000000e+001  2.0665638e+005
  8.6000000e+002  2.8981507e+001  1.4997722e+002  1.0000000e+006  6.0000000e+001  2.0096149e+005
  8.8000000e+002  2.9430238e+001  1.4997631e+002  1.0000000e+006  6.0000000e+001  1.9539829e+005
  9.0000000e+002  2.9874060e+001  1.4997536e+002  1.0000000e+006  6.0000000e+001  1.8996431e+005
  9.2000000e+002  3.0313027e+001  1.4997435e+002  1.0000000e+006  6.0000000e+001  1.8465709e+005
  9.4000000e+002  3.0747191e+001  1.4997329e+002  1.0000000e+006  6.0000000e+001  1.7947424e+005
  9.6000000e+002  3.1176606e+001  1.4997218e+002  1.0000000e+006  6.0000000e+001  1.7441336e+005
  9.8000000e+002  3.1601323e+001  1.4997100e+002  1.0000000e+006  6.0000000e+001  1.6947210e+005
  1.0000000e+003  3.2021394e+001  1.4996975e+002  1.0000000e+006  6.0000000e+001  1.6464813e+005
  1.0200000e+003  3.2436869e+001  1.4979260e+002  1.1243449e+006  6.0000000e+001  1.2806233e+005
  1.0400000e+003  3.2847799e+001  1.4978995e+002  1.2408768e+006  6.0000000e+001  1.0253194e+005
  1.0600000e+003  3.3254234e+001  1.4910351e+002  1.3422736e+006  6.0000000e+001  8.4955842e+004
  1.0800000e+003  3.3656223e+001  1.4755291e+002  1.4221640e+006  6.0000000e+001  7.2840031e+004
  1.1000000e+003  3.4053813e+001  1.4983645e+002  1.4755283e+006  6.0000000e+001  6.6734023e+004
  1.1200000e+003  3.4447055e+001  1.4989420e+002  1.4990134e+006  6.0000000e+001  6.2767303e+004
  1.1400000e+003  3.4835994e+001  1.4996676e+002  1.4911436e+006  6.0000000e+001  6.1517736e+004
  1.1600000e+003  3.5220678e+001  1.5003980e+002  1.4524135e+006  6.0000000e+001  6.2818486e+004
  1.1800000e+003  3.5601154e+001  1.5010767e+002  1.3852566e+006  6.0000000e+001  6.6819347e+004
  1.2000000e+003  3.5977468e+001  1.5016502e+002  1.2938926e+006  6.0000000e+001  7.3996912e+004
  1.2200000e+003  3.6349665e+001  1.5020726e+002  1.1840623e+006  6.0000000e+001  8.5209874e+004
  1.2400000e+003  3.6717790e+001  1.5023099e+002  1.0626666e+006  6.0000000e+001  1.0176860e+005
  1.2600000e+003  3.7081889e+001  1.5236491e+002  9.3733338e+005  6.0000000e+001  1.2706747e+005
  1.2800000e+003  3.7442004e+001  1.5699434e+002  8.1593772e+005  6.0000000e+001  1.6486425e+005
  1.3000000e+003  3.7798179e+001  1.4978565e+002  7.0610737e+005  6.0000000e+001  1.9928499e+005
  1.3200000e+003  3.8150458e+001  1.5009069e+002  6.1474338e+005  6.0000000e+001  2.5193910e+005
  1.3400000e+003  3.8498883e+001  1.5005038e+002  5.4758647e+005  6.0000000e+001  3.0309927e+005
  1.3600000e+003  3.8843496e+001  1.5000487e+002  5.0885637e+005  6.0000000e+001  3.3918675e+005
  1.3800000e+003  3.9184340e+001  1.4995317e+002  5.0098664e+005  6.0000000e+001  3.4343071e+005
  1.4000000e+003  3.9521455e+001  1.4989277e+002  5.2447174e+005  6.0000000e+001  3.1009076e+005
  1.4200000e+003  3.9854881e+001  1.4982440e+002  5.7783604e+005  6.0000000e+001  2.5216667e+005
  1.4400000e+003  4.0184661e+001  1.4975267e+002  6.5772645e+005  6.0000000e+001  1.9100786e+005
  1.4600000e+003  4.0510832e+001  1.4849465e+002  7.5912316e+005  6.0000000e+001  1.3916699e+005
  1.4800000e+003  4.0833435e+001  1.4185751e+002  8.7565506e+005  6.0000000e+001  9.7757560e+004
  1.5000000e+003  4.1152509e+001  1.4954891e+002  1.0000000e+006  6.0000000e+001  7.6677016e+004
  1.5200000e+003  4.1468093e+001  1.4976526e+002  1.1243449e+006  6.0000000e+001  6.0000000e+004
  1.5400000e+003  4.1780224e+001  1.4992221e+002  1.2408768e+006  6.0000000e+001  6.0000000e+004
  1.5600000e+003  4.2088941e+001  1.4992100e+002  1.3422736e+006  6.0000000e+001  6.0000000e+004
  1.5800000e+003  4.2394280e+001  1.4992080e+002  1.4221640e+006  6.0000000e+001  6.0000000e+004
  1.6000000e+003  4.2696279e+001  1.4972442e+002  1.4755283e+006  6.0000000e+001  6.0000000e+004
  1.6200000e+003  4.2994974e+001  1.4922482e+002  1.4990134e+006  6.0000000e+001  6.0000000e+004
  1.6400000e+003  4.3290401e+001  1.4875404e+002  1.4911436e+006  6.0000000e+001  6.0000000e+004
  1.6600000e+003  4.3582597e+001  1.4832676e+002  1.4524135e+006  6.0000000e+001  6.0000000e+004
  1.6800000e+003  4.3871596e+001  1.4795856e+002  1.3852566e+006  6.0000000e+001  6.0000000e+004
  1.7000000e+003  4.4157433e+001  1.4766472e+002  1.2938926e+006  6.0000000e+001  6.0000000e+004
  1.7200000e+003  4.4440144e+001  1.5047468e+002  1.1840623e+006  6.0000000e+001  6.0000000e+004
  1.7400000e+003  4.4719761e+001  1.4998603e+002  1.0626666e+006  6.0000000e+001  6.0000000e+004
  1.7600000e+003  4.4996320e+001  1.5000622e+002  9.3733338e+005  6.0000000e+001  6.0000000e+004
  1.7800000e+003  4.5269854e+001  1.5002690e+002  8.1593772e+005  6.0000000e+001  6.0000000e+004
  1.8000000e+003  4.5540394e+001  1.5585844e+002  7.0610737e+005  6.0000000e+001  9.2687391e+004
  1.8200000e+003  4.5807976e+001  1.3779438e+002  6.1474338e+005  6.0000000e+001  9.9743757e+004
  1.8400000e+003  4.6072630e+001  1.5025153e+002  5.4758647e+005  6.0000000e+001  1.3486520e+005
  1.8600000e+003  4.6334388e+001  1.5014256e+002  5.0885637e+005  6.0000000e+001  1.4976209e+005
  1.8800000e+003  4.6593284e+001  1.5001354e+002  5.0098664e+005  6.0000000e+001  1.4953571e+005
  1.9000000e+003  4.6849347e+001  1.4987129e+002  5.2447174e+005  6.0000000e+001  1.3281088e+005
  1.9200000e+003  4.7102608e+001  1.4972366e+002  5.7783604e+005  6.0000000e+001  1.0652157e+005
  1.9400000e+003  4.7353099e+001  1.4958139e+002  6.5772645e+005  6.0000000e+001  7.9864355e+004
  1.9600000e+003  4.7600850e+001  1.4987940e+002  7.5912316e+005  6.0000000e+001  6.0000000e+004
  1.9800000e+003  4.7845891e+001  1.5007625e+002  8.7565506e+005  6.0000000e+001  6.0000000e+004
  2.0000000e+003  4.8088250e+001  1.5007381e+002  1.0000000e+006  6.0000000e+001  6.0000000e+004
  2.0200000e+003  4.8327959e+001  1.5007085e+002  1.1243449e+006  6.0000000e+001  6.0000000e+004
  2.0400000e+003  4.8565045e+001  1.5006763e+002  1.2408768e+006  6.0000000e+001  6.0000000e+004
  2.0600000e+003  4.8799537e+001  1.5006428e+002  1.3422736e+006  6.0000000e+001  6.0000000e+004
  2.0800000e+003  4.9031464e+001  1.5006090e+002  1.4221640e+006  6.0000000e+001  6.0000000e+004
  2.1000000e+003  4.9260854e+001  1.5005757e+002  1.4755283e+006  6.0000000e+001  6.0000000e+004
  2.1200000e+003  4.9487735e+001  1.5005433e+002  1.4990134e+006  6.0000000e+001  6.0000000e+004
  2.1400000e+003  4.9712133e+001  1.5005122e+002  1.4911436e+006  6.0000000e+001  6.0000000e+004
  2.1600000e+003  4.9934077e+001  1.5004825e+002  1.4524135e+006  6.0000000e+001  6.0000000e+004
  2.1800000e+003  5.0153593e+001  1.5004544e+002  1.3852566e+006  6.0000000e+001  6.0000000e+004
  2.2000000e+003  5.0370707e+001  1.5004278e+002  1.2938926e+006  6.0000000e+001  6.0000000e+004
  2.2200000e+003  5.0585446e+001  1.5004029e+002  1.1840623e+006  6.0000000e+001  6.0000000e+004
  2.2400000e+003  5.0797836e+001  1.5003795e+002  1.0626666e+006  6.0000000e+001  6.0000000e+004
  2.2600000e+003  5.1007902e+001  1.5003576e+002  9.3733338e+005  6.0000000e+001  6.0000000e+004
  2.2800000e+003  5.1215670e+001  1.5003372e+002  8.1593772e+005  6.0000000e+001  6.0000000e+004
  2.3000000e+003  5.1421165e+001  1.5003181e+002  7.0610737e+005  6.0000000e+001  6.0000000e+004
  2.3200000e+003  5.1624413e+001  1.5003002e+002  6.1474338e+005  6.0000000e+001  6.0000000e+004
  2.3400000e+003  5.1825437e+001  1.5002835e+002  5.4758647e+005  6.0000000e+001  6.0000000e+004
  2.3600000e+003  5.2024261e+001  1.5002679e+002  5.0885637e+005  6.0000000e+001  6.0000000e+004
  2.3800000e+003  5.2220911e+001  1.5002534e+002  5.0098664e+005  6.0000000e+001  6.0000000e+004
  2.4000000e+003  5.2415409e+001  1.5002398e+002  5.2447174e+005  6.0000000e+001  6.0000000e+004
  2.4200000e+003  5.2607780e+001  1.5002270e+002  5.7783604e+005  6.0000000e+001  6.0000000e+004
  2.4400000e+003  5.2798046e+001  1.5002151e+002  6.5772645e+005  6.0000000e+001  6.0000000e+004
  2.4600000e+003  5.2986230e+001  1.5002039e+002  7.5912316e+005  6.0000000e+001  6.0000000e+004
  2.4800000e+003  5.3172356e+001  1.5001934e+002  8.7565506e+005  6.0000000e+001  6.0000000e+004
  2.5000000e+003  5.3356446e+001  1.5001836e+002  1.0000000e+006  6.0000000e+001  6.0000000e+004
  2.5200000e+003  5.3538522e+001  1.5001743e+002  1.1243449e+006  6.0000000e+001  6.0000000e+004
  2.5400000e+003  5.3718606e+001  1.5001656e+002  1.2408768e+006  6.0000000e+001  6.0000000e+004
  2.5600000e+003  5.3896720e+001  1.5001574e+002  1.3422736e+006  6.0000000e+001  6.0000000e+004
  2.5800000e+003  5.4072885e+001  1.5001497e+002  1.4221640e+006  6.0000000e+001  6.0000000e+004
  2.6000000e+003  5.4247123e+001  1.5001424e+002  1.4755283e+006  6.0000000e+001  6.0000000e+004
  2.6200000e+003  5.4419455e+001  1.5001356e+002  1.4990134e+006  6.0000000e+001  6.0000000e+004
  2.6400000e+003  5.4589902e+001  1.5001291e+002  1.4911436e+006  6.0000000e+001  6.0000000e+004
  2.6600000e+003  5.4758484e+001  1.5001229e+002  1.4524135e+006  6.0000000e+001  6.0000000e+004
  2.6800000e+003  5.4925222e+001  1.5001171e+002  1.3852566e+006  6.0000000e+001  6.0000000e+004
  2.7000000e+003  5.5090136e+001  1.5001115e+002  1.2938926e+006  6.0000000e+001  6.0000000e+004
  2.7200000e+003  5.5253246e+001  1.5001063e+002  1.1840623e+006  6.0000000e+001  6.0000000e+004
  2.7400000e+003  5.5414571e+001  1.5001013e+002  1.0626666e+006  6.0000000e+001  6.0000000e+004
  2.7600000e+003  5.5574132e+001  1.5000965e+002  9.3733338e+005  6.0000000e+001  6.0000000e+004
  2.7800000e+003  5.5731947e+001  1.5000920e+002  8.1593772e+005  6.0000000e+001  6.0000000e+004
  2.8000000e+003  5.5888035e+001  1.5000876e+002  7.0610737e+005  6.0000000e+001  6.0000000e+004
  2.8200000e+003  5.6042416e+001  1.5000835e+002  6.1474338e+005  6.0000000e+001  6.0000000e+004
  2.8400000e+003  5.6195108e+001  1.5000796e+002  5.4758647e+005  6.0000000e+001  6.0000000e+004
  2.8600000e+003  5.6346130e+001  1.5000758e+002  5.0885637e+005  6.0000000e+001  6.0000000e+004
  2.8800000e+003  5.6495499e+001  1.5000722e+002  5.0098664e+005  6.0000000e+001  6.0000000e+004
  2.9000000e+003  5.6643235e+001  1.5000687e+002  5.2447174e+005  6.0000000e+001  6.0000000e+004
  2.9200000e+003  5.6789354e+001  1.5000654e+002  5.7783604e+005  6.0000000e+001  6.0000000e+004
  2.9400000e+003  5.6933875e+001  1.5000621e+002  6.5772645e+005  6.0000000e+001  6.0000000e+004
  2.9600000e+003  5.7076815e+001  1.5000591e+002  7.5912316e+005  6.0000000e+001  6.0000000e+004
  2.9800000e+003  5.7218191e+001  1.5000561e+002  8.7565506e+005  6.0000000e+001  6.0000000e+004
  3.0000000e+003  5.7358020e+001  1.5000532e+002  1.0000000e+006  6.0000000e+001  6.0000000e+004
  3.0200000e+003  5.6949334e+001  1.5000504e+002  1.1243449e+006  6.0000000e+001  6.0000000e+004
  3.0400000e+003  5.6545118e+001  1.5000478e+002  1.2408768e+006  6.0000000e+001  6.0000000e+004
  3.0600000e+003  5.6145325e+001  1.5000452e+002  1.3422736e+006  6.0000000e+001  6.0000000e+004
  3.0800000e+003  5.5749905e+001  1.5000426e+002  1.4221640e+006  6.0000000e+001  6.0000000e+004
  3.1000000e+003  5.5358811e+001  1.5000402e+002  1.4755283e+006  6.0000000e+001  6.0000000e+004
  3.1200000e+003  5.4971996e+001  1.5000378e+002  1.4990134e+006  6.0000000e+001  6.0000000e+004
  3.1400000e+003  5.4589412e+001  1.5000355e+002  1.4911436e+006  6.0000000e+001  6.0000000e+004
  3.1600000e+003  5.4211013e+001  1.5000333e+002  1.4524135e+006  6.0000000e+001  6.0000000e+004
  3.1800000e+003  5.3836754e+001  1.5000311e+002  1.3852566e+006  6.0000000e+001  6.0000000e+004
  3.2000000e+003  5.3466590e+001  1.5000289e+002  1.2938926e+006  6.0000000e+001  6.0000000e+004
  3.2200000e+003  5.3100475e+001  1.5000268e+002  1.1840623e+006  6.0000000e+001  6.0000000e+004
  3.2400000e+003  5.2738365e+001  1.5000248e+002  1.0626666e+006  6.0000000e+001  6.0000000e+004
  3.2600000e+003  5.2380216e+001  1.5000227e+002  9.3733338e+005  6.0000000e+001  6.0000000e+004
  3.2800000e+003  5.2025985e+001  1.5000207e+002  8.1593772e+005  6.0000000e+001  6.0000000e+004
  3.3000000e+003  5.1675630e+001  1.5000188e+002  7.0610737e+005  6.0000000e+001  6.0000000e+004
  3.3200000e+003  5.1329108e+001  1.5000169e+002  6.1474338e+005  6.0000000e+001  6.0000000e+004
  3.3400000e+003  5.0986376e+001  1.5000150e+002  5.4758647e+005  6.0000000e+001  6.0000000e+004
  3.3600000e+003  5.0647394e+001  1.5309437e+002  5.0885637e+005  6.0000000e+001  8.2286899e+004
  3.3800000e+003  5.0312120e+001  1.5635176e+002  5.0098664e+005  6.0000000e+001  9.2908173e+004
  3.4000000e+003  4.9980513e+001  1.4260712e+002  5.2447174e+005  6.0000000e+001  8.3678967e+004
  3.4200000e+003  4.9652535e+001  1.4982612e+002  5.7783604e+005  6.0000000e+001  7.6242720e+004
  3.4400000e+003  4.9328145e+001  1.4816013e+002  6.5772645e+005  6.0000000e+001  6.1636732e+004
  3.4600000e+003  4.9007303e+001  1.4796928e+002  7.5912316e+005  6.0000000e+001  6.0000000e+004
  3.4800000e+003  4.8689971e+001  1.5004857e+002  8.7565506e+005  6.0000000e+001  6.0000000e+004
  3.5000000e+003  4.8376111e+001  1.5000006e+002  1.0000000e+006  6.0000000e+001  6.0000000e+004
  3.5200000e+003  4.8065684e+001  1.4999986e+002  1.1243449e+006  6.0000000e+001  6.0000000e+004
  3.5400000e+003  4.7758653e+001  1.4999968e+002  1.2408768e+006  6.0000000e+001  6.0000000e+004
  3.5600000e+003  4.7454981e+001  1.4999950e+002  1.3422736e+006  6.0000000e+001  6.0000000e+004
  3.5800000e+003  4.7154631e+001  1.4999932e+002  1.4221640e+006  6.0000000e+001  6.0000000e+004
  3.6000000e+003  4.6857567e+001  1.4999914e+002  1.4755283e+006  6.0000000e+001  6.0000000e+004
  3.6200000e+003  4.6563753e+001  1.4999895e+002  1.4990134e+006  6.0000000e+001  6.0000000e+004
  3.6400000e+003  4.6273153e+001  1.4999877e+002  1.4911436e+006  6.0000000e+001  6.0000000e+004
  3.6600000e+003  4.5985732e+001  1.4999858e+002  1.4524135e+006  6.0000000e+001  6.0000000e+004
  3.6800000e+003  4.5701455e+001  1.4999839e+002  1.3852566e+006  6.0000000e+001  6.0000000e+004
  3.7000000e+003  4.5420289e+001  1.4999820e+002  1.2938926e+006  6.0000000e+001  6.0000000e+004
  3.7200000e+003  4.5142198e+001  1.4999801e+002  1.1840623e+006  6.0000000e+001  6.0000000e+004
  3.7400000e+003  4.4867149e+001  1.4999781e+002  1.0626666e+006  6.0000000e+001  6.0000000e+004
  3.7600000e+003  4.4595109e+001  1.4999761e+002  9.3733338e+005  6.0000000e+001  6.0000000e+004
  3.7800000e+003  4.4326046e+001  1.5390135e+002  8.1593772e+005  6.0000000e+001  8.5792919e+004
  3.8000000e+003  4.4059926e+001  1.6255855e+002  7.0610737e+005  6.0000000e+001  1.2391030e+005
  3.8200000e+003  4.3796717e+001  1.4886290e+002  6.1474338e+005  6.0000000e+001  1.5500281e+005
  3.8400000e+003  4.3536387e+001  1.5012643e+002  5.4758647e+005  6.0000000e+001  2.0066273e+005
  3.8600000e+003  4.3278906e+001  1.5006122e+002  5.0885637e+005  6.0000000e+001  2.3952009e+005
  3.8800000e+003  4.3024241e+001  1.5000645e+002  5.0098664e+005  6.0000000e+001  2.5685336e+005
  3.9000000e+003  4.2772362e+001  1.4995260e+002  5.2447174e+005  6.0000000e+001  2.4431204e+005
  3.9200000e+003  4.2523239e+001  1.4989792e+002  5.7783604e+005  6.0000000e+001  2.0871820e+005
  3.9400000e+003  4.2276841e+001  1.4984466e+002  6.5772645e+005  6.0000000e+001  1.6591550e+005
  3.9600000e+003  4.2033139e+001  1.4979694e+002  7.5912316e+005  6.0000000e+001  1.2779018e+005
  3.9800000e+003  4.1792102e+001  1.4975982e+002  8.7565506e+005  6.0000000e+001  9.8393509e+004
  4.0000000e+003  4.1553703e+001  1.4973864e+002  1.0000000e+006  6.0000000e+001  7.7250074e+004
  4.0200000e+003  4.1317911e+001  1.4781075e+002  1.1243449e+006  6.0000000e+001  6.1762875e+004
  4.0400000e+003  4.1084699e+001  1.4754778e+002  1.2408768e+006  6.0000000e+001  6.0000000e+004
  4.0600000e+003  4.0854038e+001  1.5001185e+002  1.3422736e+006  6.0000000e+001  6.0000000e+004
  4.0800000e+003  4.0625901e+001  1.4999361e+002  1.4221640e+006  6.0000000e+001  6.0000000e+004
  4.1000000e+003  4.0400259e+001  1.4999328e+002  1.4755283e+006  6.0000000e+001  6.0000000e+004
  4.1200000e+003  4.0177086e+001  1.4999293e+002  1.4990134e+006  6.0000000e+001  6.0000000e+004
  4.1400000e+003  3.9956355e+001  1.4999258e+002  1.4911436e+006  6.0000000e+001  6.0000000e+004
  4.1600000e+003  3.9738038e+001  1.4999221e+002  1.4524135e+006  6.0000000e+001  6.0000000e+004
  4.1800000e+003  3.9522109e+001  1.4999182e+002  1.3852566e+006  6.0000000e+001  6.0000000e+004
  4.2000000e+003  3.9308543e+001  1.4999142e+002  1.2938926e+006  6.0000000e+001  6.0000000e+004
  4.2200000e+003  3.9097313e+001  1.5044185e+002  1.1840623e+006  6.0000000e+001  6.4788449e+004
  4.2400000e+003  3.8888393e+001  1.5290485e+002  1.0626666e+006  6.0000000e+001  8.9831384e+004
  4.2600000e+003  3.8681759e+001  1.6003888e+002  9.3733338e+005  6.0000000e+001  1.2234358e+005
  4.2800000e+003  3.8477386e+001  1.5079837e+002  8.1593772e+005  6.0000000e+001  1.5376504e+005
  4.3000000e+003  3.8275249e+001  1.5014526e+002  7.0610737e+005  6.0000000e+001  2.0653951e+005
  4.3200000e+003  3.8075323e+001  1.5011364e+002  6.1474338e+005  6.0000000e+001  2.7378657e+005
  4.3400000e+003  3.7877584e+001  1.5007273e+002  5.4758647e+005  6.0000000e+001  3.4769193e+005
  4.3600000e+003  3.7682008e+001  1.5003511e+002  5.0885637e+005  6.0000000e+001  4.1015046e+005
  4.3800000e+003  3.7488572e+001  1.4999873e+002  5.0098664e+005  6.0000000e+001  4.3734645e+005
  4.4000000e+003  3.7297252e+001  1.4996053e+002  5.2447174e+005  6.0000000e+001  4.1502415e+005
  4.4200000e+003  3.7108024e+001  1.4991965e+002  5.7783604e+005  6.0000000e+001  3.5300531e+005
  4.4400000e+003  3.6920867e+001  1.4987904e+002  6.5772645e+005  6.0000000e+001  2.7829721e+005
  4.4600000e+003  3.6735758e+001  1.4984237e+002  7.5912316e+005  6.0000000e+001  2.1222464e+005
  4.4800000e+003  3.6552673e+001  1.4981293e+002  8.7565506e+005  6.0000000e+001  1.6178523e+005
  4.5000000e+003  3.6371592e+001  1.4979434e+002  1.0000000e+006  6.0000000e+001  1.2580296e+005
  4.5200000e+003  3.6192491e+001  1.4978985e+002  1.1243449e+006  6.0000000e+001  1.0091252e+005
  4.5400000e+003  3.6015350e+001  1.4909044e+002  1.2408768e+006  6.0000000e+001  8.3618807e+004
  4.5600000e+003  3.5840146e+001  1.4753244e+002  1.3422736e+006  6.0000000e+001  7.1677089e+004
  4.5800000e+003  3.5666859e+001  1.5253291e+002  1.4221640e+006  6.0000000e+001  6.7000225e+004
  4.6000000e+003  3.5495468e+001  1.4989747e+002  1.4755283e+006  6.0000000e+001  6.1834996e+004
  4.6200000e+003  3.5325952e+001  1.4997152e+002  1.4990134e+006  6.0000000e+001  6.0695311e+004
  4.6400000e+003  3.5158291e+001  1.5004637e+002  1.4911436e+006  6.0000000e+001  6.2116365e+004
  4.6600000e+003  3.4992463e+001  1.5011588e+002  1.4524135e+006  6.0000000e+001  6.6273061e+004
  4.6800000e+003  3.4828450e+001  1.5017491e+002  1.3852566e+006  6.0000000e+001  7.3697604e+004
  4.7000000e+003  3.4666231e+001  1.5021919e+002  1.2938926e+006  6.0000000e+001  8.5374616e+004
  4.7200000e+003  3.4505786e+001  1.5024574e+002  1.1840623e+006  6.0000000e+001  1.0290381e+005
  4.7400000e+003  3.4347097e+001  1.5376308e+002  1.0626666e+006  6.0000000e+001  1.3153957e+005
  4.7600000e+003  3.4190144e+001  1.5879183e+002  9.3733338e+005  6.0000000e+001  1.7516161e+005
  4.7800000e+003  3.4034908e+001  1.5043987e+002  8.1593772e+005  6.0000000e+001  2.1929150e+005
  4.8000000e+003  3.3881370e+001  1.5011400e+002  7.0610737e+005  6.0000000e+001  2.9198875e+005
  4.8200000e+003  3.3729511e+001  1.5008231e+002  6.1474338e+005  6.0000000e+001  3.8304672e+005
  4.8400000e+003  3.3579314e+001  1.5004777e+002  5.4758647e+005  6.0000000e+001  4.8214203e+005
  4.8600000e+003  3.3430760e+001  1.5001342e+002  5.0885637e+005  6.0000000e+001  5.6571913e+005
  4.8800000e+003  3.3283832e+001  1.4997764e+002  5.0098664e+005  6.0000000e+001  6.0280682e+005
  4.9000000e+003  3.3138510e+001  1.4993771e+002  5.2447174e+005  6.0000000e+001  5.7331235e+005
  4.9200000e+003  3.2994778e+001  1.4989336e+002  5.7783604e+005  6.0000000e+001  4.8791906e+005
  4.9400000e+003  3.2852619e+001  1.4984938e+002  6.5772645e+005  6.0000000e+001  3.8331291e+005
  4.9600000e+003  3.2712015e+001  1.4981087e+002  7.5912316e+005  6.0000000e+001  2.9072260e+005
  4.9800000e+003  3.2572949e+001  1.4978056e+002  8.7565506e+005  6.0000000e+001  2.2042328e+005
  5.0000000e+003  3.2435405e+001  1.4910208e+002  1.0000000e+006  6.0000000e+001  1.6986576e+005
  5.0200000e+003  3.2299365e+001  1.4707220e+002  1.1243449e+006  6.0000000e+001  1.3376423e+005
  5.0400000e+003  3.2164813e+001  1.5050031e+002  1.2408768e+006  6.0000000e+001  1.1339207e+005
  5.0600000e+003  3.2031734e+001  1.4973024e+002  1.3422736e+006  6.0000000e+001  9.7212072e+004
  5.0800000e+003  3.1900110e+001  1.4978110e+002  1.4221640e+006  6.0000000e+001  8.7365531e+004
  5.1000000e+003  3.1769926e+001  1.4984409e+002  1.4755283e+006  6.0000000e+001  8.1862045e+004
  5.1200000e+003  3.1641166e+001  1.4991480e+002  1.4990134e+006  6.0000000e+001  7.9980176e+004
  5.1400000e+003  3.1513815e+001  1.4998868e+002  1.4911436e+006  6.0000000e+001  8.1473094e+004
  5.1600000e+003  3.1387857e+001  1.5006106e+002  1.4524135e+006  6.0000000e+001  8.6521551e+004
  5.1800000e+003  3.1263277e+001  1.5012742e+002  1.3852566e+006  6.0000000e+001  9.5764783e+004
  5.2000000e+003  3.1140060e+001  1.5018369e+002  1.2938926e+006  6.0000000e+001  1.1041054e+005
  5.2200000e+003  3.1018191e+001  1.5022646e+002  1.1840623e+006  6.0000000e+001  1.3242517e+005
  5.2400000e+003  3.0897655e+001  1.5025328e+002  1.0626666e+006  6.0000000e+001  1.6477389e+005
  5.2600000e+003  3.0778438e+001  1.5026294e+002  9.3733338e+005  6.0000000e+001  2.1156764e+005
  5.2800000e+003  3.0660524e+001  1.5025583e+002  8.1593772e+005  6.0000000e+001  2.7768879e+005
  5.3000000e+003  3.0543901e+001  1.5023418e+002  7.0610737e+005  6.0000000e+001  3.6700848e+005
  5.3200000e+003  3.0428554e+001  1.5180183e+002  6.1474338e+005  6.0000000e+001  4.8135058e+005
  5.3400000e+003  3.0314469e+001  1.5524348e+002  5.4758647e+005  6.0000000e+001  6.1441103e+005
  5.3600000e+003  3.0201631e+001  1.4744944e+002  5.0885637e+005  6.0000000e+001  6.6240328e+005
  5.3800000e+003  3.0090028e+001  1.5005099e+002  5.0098664e+005  6.0000000e+001  7.4513574e+005
  5.4000000e+003  2.9979646e+001  1.5001352e+002  5.2447174e+005  6.0000000e+001  7.1180494e+005
  5.4200000e+003  2.9870471e+001  1.4997399e+002  5.7783604e+005  6.0000000e+001  6.0712375e+005
  5.4400000e+003  2.9762491e+001  1.4993778e+002  6.5772645e+005  6.0000000e+001  4.7624427e+005
  5.4600000e+003  2.9655692e+001  1.4990989e+002  7.5912316e+005  6.0000000e+001  3.5993929e+005
  5.4800000e+003  2.9550062e+001  1.4989089e+002  8.7565506e+005  6.0000000e+001  2.7194338e+005
  5.5000000e+003  2.9445587e+001  1.4988127e+002  1.0000000e+006  6.0000000e+001  2.0972272e+005
  5.5200000e+003  2.9342255e+001  1.4927567e+002  1.1243449e+006  6.0000000e+001  1.6628846e+005
  5.5400000e+003  2.9240053e+001  1.4834245e+002  1.2408768e+006  6.0000000e+001  1.3650494e+005
  5.5600000e+003  2.9138969e+001  1.5608262e+002  1.3422736e+006  6.0000000e+001  1.2572477e+005
  5.5800000e+003  2.9038992e+001  1.4993300e+002  1.4221640e+006  6.0000000e+001  1.0623237e+005
  5.6000000e+003  2.8940108e+001  1.4998260e+002  1.4755283e+006  6.0000000e+001  9.9247372e+004
  5.6200000e+003  2.8842305e+001  1.5003860e+002  1.4990134e+006  6.0000000e+001  9.6677651e+004
  5.6400000e+003  2.8745573e+001  1.5009500e+002  1.4911436e+006  6.0000000e+001  9.8184760e+004
  5.6600000e+003  2.8649899e+001  1.5014745e+002  1.4524135e+006  6.0000000e+001  1.0394739e+005
  5.6800000e+003  2.8555271e+001  1.5019185e+002  1.3852566e+006  6.0000000e+001  1.1468810e+005
  5.7000000e+003  2.8461679e+001  1.5187555e+002  1.2938926e+006  6.0000000e+001  1.3313374e+005
  5.7200000e+003  2.8369111e+001  1.5674063e+002  1.1840623e+006  6.0000000e+001  1.6403942e+005
  5.7400000e+003  2.8277555e+001  1.5110868e+002  1.0626666e+006  6.0000000e+001  1.9351211e+005
  5.7600000e+003  2.8187001e+001  1.5014558e+002  9.3733338e+005  6.0000000e+001  2.4959500e+005
  5.7800000e+003  2.8097437e+001  1.5013901e+002  8.1593772e+005  6.0000000e+001  3.2613854e+005
  5.8000000e+003  2.8008854e+001  1.5011372e+002  7.0610737e+005  6.0000000e+001  4.2898409e+005
  5.8200000e+003  2.7921239e+001  1.5008716e+002  6.1474338e+005  6.0000000e+001  5.5629212e+005
  5.8400000e+003  2.7834583e+001  1.5006164e+002  5.4758647e+005  6.0000000e+001  6.9356988e+005
  5.8600000e+003  2.7748875e+001  1.5003791e+002  5.0885637e+005  6.0000000e+001  8.0981173e+005
  5.8800000e+003  2.7664104e+001  1.5001492e+002  5.0098664e+005  6.0000000e+001  8.6409904e+005
  5.9000000e+003  2.7580261e+001  1.4999052e+002  5.2447174e+005  6.0000000e+001  8.2689515e+005
  5.9200000e+003  2.7497335e+001  1.4996358e+002  5.7783604e+005  6.0000000e+001  7.0707291e+005
  5.9400000e+003  2.7415316e+001  1.4993690e+002  6.5772645e+005  6.0000000e+001  5.5435743e+005
  5.9600000e+003  2.7334195e+001  1.4991446e+002  7.5912316e+005  6.0000000e+001  4.1793001e+005
  5.9800000e+003  2.7253961e+001  1.4989733e+002  8.7565506e+005  6.0000000e+001  3.1495149e+005
  6.0000000e+003  2.7174604e+001  1.4988660e+002  1.0000000e+006  6.0000000e+001  2.4235013e+005
  6.0200000e+003  2.7183634e+001  1.4987976e+002  1.1243449e+006  6.0000000e+001  1.9006198e+005
  6.0400000e+003  2.7192565e+001  1.4988601e+002  1.2408768e+006  6.0000000e+001  1.5602591e+005
  6.0600000e+003  2.7201398e+001  1.4990170e+002  1.3422736e+006  6.0000000e+001  1.3329978e+005
  6.0800000e+003  2.7210134e+001  1.4992653e+002  1.4221640e+006  6.0000000e+001  1.1866663e+005
  6.1000000e+003  2.7218775e+001  1.4995860e+002  1.4755283e+006  6.0000000e+001  1.1012639e+005
  6.1200000e+003  2.7227322e+001  1.4999507e+002  1.4990134e+006  6.0000000e+001  1.0655122e+005
  6.1400000e+003  2.7235775e+001  1.5003250e+002  1.4911436e+006  6.0000000e+001  1.0747472e+005
  6.1600000e+003  2.7244135e+001  1.5006733e+002  1.4524135e+006  6.0000000e+001  1.1299971e+005
  6.1800000e+003  2.7252404e+001  1.5009625e+002  1.3852566e+006  6.0000000e+001  1.2380927e+005
  6.2000000e+003  2.7260582e+001  1.5011667e+002  1.2938926e+006  6.0000000e+001  1.4127480e+005
  6.2200000e+003  2.7268671e+001  1.5012708e+002  1.1840623e+006  6.0000000e+001  1.6765325e+005
  6.2400000e+003  2.7276672e+001  1.5012727e+002  1.0626666e+006  6.0000000e+001  2.0632636e+005
  6.2600000e+003  2.7284585e+001  1.5011837e+002  9.3733338e+005  6.0000000e+001  2.6189903e+005
  6.2800000e+003  2.7292411e+001  1.5010264e+002  8.1593772e+005  6.0000000e+001  3.3965796e+005
  6.3000000e+003  2.7300152e+001  1.5008297e+002  7.0610737e+005  6.0000000e+001  4.4343087e+005
  6.3200000e+003  2.7307808e+001  1.5006221e+002  6.1474338e+005  6.0000000e+001  5.7087017e+005
  6.3400000e+003  2.7315381e+001  1.5004227e+002  5.4758647e+005  6.0000000e+001  7.0695345e+005
  6.3600000e+003  2.7322870e+001  1.5002363e+002  5.0885637e+005  6.0000000e+001  8.2041978e+005
  6.3800000e+003  2.7330278e+001  1.5000525e+002  5.0098664e+005  6.0000000e+001  8.7065107e+005
  6.4000000e+003  2.7337604e+001  1.4998505e+002  5.2447174e+005  6.0000000e+001  8.2904938e+005
  6.4200000e+003  2.7344851e+001  1.4996173e+002  5.7783604e+005  6.0000000e+001  7.0573762e+005
  6.4400000e+003  2.7352018e+001  1.4993743e+002  6.5772645e+005  6.0000000e+001  5.5111371e+005
  6.4600000e+003  2.7359107e+001  1.4991566e+002  7.5912316e+005  6.0000000e+001  4.1395631e+005
  6.4800000e+003  2.7366118e+001  1.4989783e+002  8.7565506e+005  6.0000000e+001  3.1078756e+005
  6.5000000e+003  2.7373052e+001  1.4988547e+002  1.0000000e+006  6.0000000e+001  2.3819807e+005
  6.5200000e+003  2.7379911e+001  1.4988063e+002  1.1243449e+006  6.0000000e+001  1.8841254e+005
  6.5400000e+003  2.7386695e+001  1.4988499e+002  1.2408768e+006  6.0000000e+001  1.5467224e+005
  6.5600000e+003  2.7393404e+001  1.4989921e+002  1.3422736e+006  6.0000000e+001  1.3214340e+005
  6.5800000e+003  2.7400040e+001  1.4992266e+002  1.4221640e+006  6.0000000e+001  1.1763755e+005
  6.6000000e+003  2.7406603e+001  1.4995352e+002  1.4755283e+006  6.0000000e+001  1.0917218e+005
  6.6200000e+003  2.7413095e+001  1.4998896e+002  1.4990134e+006  6.0000000e+001  1.0562934e+005
  6.6400000e+003  2.7419516e+001  1.5002556e+002  1.4911436e+006  6.0000000e+001  1.0654689e+005
  6.6600000e+003  2.7425866e+001  1.5005971e+002  1.4524135e+006  6.0000000e+001  1.1202711e+005
  6.6800000e+003  2.7432147e+001  1.5008812e+002  1.3852566e+006  6.0000000e+001  1.2274789e+005
  6.7000000e+003  2.7438359e+001  1.5010821e+002  1.2938926e+006  6.0000000e+001  1.4007003e+005
  6.7200000e+003  2.7444503e+001  1.5011849e+002  1.1840623e+006  6.0000000e+001  1.6623334e+005
  6.7400000e+003  2.7450580e+001  1.5011878e+002  1.0626666e+006  6.0000000e+001  2.0459488e+005
  6.7600000e+003  2.7456591e+001  1.5011025e+002  9.3733338e+005  6.0000000e+001  2.5972791e+005
  6.7800000e+003  2.7462535e+001  1.5009516e+002  8.1593772e+005  6.0000000e+001  3.3688681e+005
  6.8000000e+003  2.7468415e+001  1.5007639e+002  7.0610737e+005  6.0000000e+001  4.3988275e+005
  6.8200000e+003  2.7474231e+001  1.5005667e+002  6.1474338e+005  6.0000000e+001  5.6639464e+005
  6.8400000e+003  2.7479982e+001  1.5003783e+002  5.4758647e+005  6.0000000e+001  7.0149731e+005
  6.8600000e+003  2.7485671e+001  1.5002026e+002  5.0885637e+005  6.0000000e+001  8.1410815e+005
  6.8800000e+003  2.7491298e+001  1.5000287e+002  5.0098664e+005  6.0000000e+001  8.6385319e+005
  6.9000000e+003  2.7496863e+001  1.4998359e+002  5.2447174e+005  6.0000000e+001  8.2238628e+005
  6.9200000e+003  2.7502367e+001  1.4996104e+002  5.7783604e+005  6.0000000e+001  6.9992266e+005
  6.9400000e+003  2.7507811e+001  1.4993718e+002  6.5772645e+005  6.0000000e+001  5.4655954e+005
  6.9600000e+003  2.7513195e+001  1.4991543e+002  7.5912316e+005  6.0000000e+001  4.1057369e+005
  6.9800000e+003  2.7518521e+001  1.4989730e+002  8.7565506e+005  6.0000000e+001  3.0827644e+005
  7.0000000e+003  2.7523788e+001  1.4988446e+002  1.0000000e+006  6.0000000e+001  2.3628993e+005
  7.0200000e+003  2.7528998e+001  1.4987909e+002  1.1243449e+006  6.0000000e+001  1.8691362e+005
  7.0400000e+003  2.7534150e+001  1.4988293e+002  1.2408768e+006  6.0000000e+001  1.5344943e+005
  7.0600000e+003  2.7539247e+001  1.4989671e+002  1.3422736e+006  6.0000000e+001  1.3110518e+005
  7.0800000e+003  2.7544287e+001  1.4991985e+002  1.4221640e+006  6.0000000e+001  1.1671929e+005
  7.1000000e+003  2.7549273e+001  1.4995052e+002  1.4755283e+006  6.0000000e+001  1.0832588e+005
  7.1200000e+003  2.7554203e+001  1.4998590e+002  1.4990134e+006  6.0000000e+001  1.0481659e+005
  7.1400000e+003  2.7559080e+001  1.5002253e+002  1.4911436e+006  6.0000000e+001  1.0573364e+005
  7.1600000e+003  2.7563904e+001  1.5005681e+002  1.4524135e+006  6.0000000e+001  1.1117947e+005
  7.1800000e+003  2.7568675e+001  1.5008542e+002  1.3852566e+006  6.0000000e+001  1.2182798e+005
  7.2000000e+003  2.7573393e+001  1.5010576e+002  1.2938926e+006  6.0000000e+001  1.3903142e+005
  7.2200000e+003  2.7578060e+001  1.5011632e+002  1.1840623e+006  6.0000000e+001  1.6501560e+005
  7.2400000e+003  2.7582676e+001  1.5011690e+002  1.0626666e+006  6.0000000e+001  2.0311722e+005
  7.2600000e+003  2.7587241e+001  1.5010866e+002  9.3733338e+005  6.0000000e+001  2.5788366e+005
  7.2800000e+003  2.7591757e+001  1.5009382e+002  8.1593772e+005  6.0000000e+001  3.3454302e+005
  7.3000000e+003  2.7596223e+001  1.5007522e+002  7.0610737e+005  6.0000000e+001  4.3689366e+005
  7.3200000e+003  2.7600640e+001  1.5005557e+002  6.1474338e+005  6.0000000e+001  5.6263783e+005
  7.3400000e+003  2.7605009e+001  1.5003669e+002  5.4758647e+005  6.0000000e+001  6.9693228e+005
  7.3600000e+003  2.7609330e+001  1.5001895e+002  5.0885637e+005  6.0000000e+001  8.0884285e+005
  7.3800000e+003  2.7613604e+001  1.5000123e+002  5.0098664e+005  6.0000000e+001  8.5819683e+005
  7.4000000e+003  2.7617831e+001  1.4998142e+002  5.2447174e+005  6.0000000e+001  8.1685369e+005
  7.4200000e+003  2.7622012e+001  1.4995815e+002  5.7783604e+005  6.0000000e+001  6.9510119e+005
  7.4400000e+003  2.7626147e+001  1.4993349e+002  6.5772645e+005  6.0000000e+001  5.4278637e+005
  7.4600000e+003  2.7630237e+001  1.4991097e+002  7.5912316e+005  6.0000000e+001  4.0777321e+005
  7.4800000e+003  2.7634282e+001  1.4989219e+002  8.7565506e+005  6.0000000e+001  3.0619998e+005
  7.5000000e+003  2.7638283e+001  1.4987887e+002  1.0000000e+006  6.0000000e+001  2.3471473e+005
  7.5200000e+003  2.7642240e+001  1.4987321e+002  1.1243449e+006  6.0000000e+001  1.8567881e+005
  7.5400000e+003  2.7646154e+001  1.4987700e+002  1.2408768e+006  6.0000000e+001  1.5244445e+005
  7.5600000e+003  2.7650025e+001  1.4989093e+002  1.3422736e+006  6.0000000e+001  1.3025408e+005
  7.5800000e+003  2.7653853e+001  1.4991442e+002  1.4221640e+006  6.0000000e+001  1.1596855e+005
  7.6000000e+003  2.7657640e+001  1.4994562e+002  1.4755283e+006  6.0000000e+001  1.0763588e+005
  7.6200000e+003  2.7661385e+001  1.4998167e+002  1.4990134e+006  6.0000000e+001  1.0415580e+005
  7.6400000e+003  2.7665090e+001  1.5001911e+002  1.4911436e+006  6.0000000e+001  1.0507432e+005
  7.6600000e+003  2.7668753e+001  1.5005430e+002  1.4524135e+006  6.0000000e+001  1.1049424e+005
  7.6800000e+003  2.7672377e+001  1.5008389e+002  1.3852566e+006  6.0000000e+001  1.2108645e+005
  7.7000000e+003  2.7675961e+001  1.5010523e+002  1.2938926e+006  6.0000000e+001  1.3819659e+005
  7.7200000e+003  2.7679506e+001  1.5011676e+002  1.1840623e+006  6.0000000e+001  1.6403948e+005
  7.7400000e+003  2.7683012e+001  1.5011817e+002  1.0626666e+006  6.0000000e+001  2.0193584e+005
  7.7600000e+003  2.7686480e+001  1.5011049e+002  9.3733338e+005  6.0000000e+001  2.5641258e+005
  7.7800000e+003  2.7689910e+001  1.5009586e+002  8.1593772e+005  6.0000000e+001  3.3267705e+005
  7.8000000e+003  2.7693302e+001  1.5007702e+002  7.0610737e+005  6.0000000e+001  4.3451739e+005
  7.8200000e+003  2.7696657e+001  1.5005668e+002  6.1474338e+005  6.0000000e+001  5.5965420e+005
  7.8400000e+003  2.7699976e+001  1.5003666e+002  5.4758647e+005  6.0000000e+001  6.9330889e+005
  7.8600000e+003  2.7703258e+001  1.5001739e+002  5.0885637e+005  6.0000000e+001  8.0466459e+005
  7.8800000e+003  2.7706504e+001  1.4999770e+002  5.0098664e+005  6.0000000e+001  8.5370752e+005
  7.9000000e+003  2.7709715e+001  1.4997538e+002  5.2447174e+005  6.0000000e+001  8.1245944e+005
  7.9200000e+003  2.7712891e+001  1.4994914e+002  5.7783604e+005  6.0000000e+001  6.9126593e+005
  7.9400000e+003  2.7716032e+001  1.4992156e+002  6.5772645e+005  6.0000000e+001  5.3977860e+005
  7.9600000e+003  2.7719138e+001  1.4989666e+002  7.5912316e+005  6.0000000e+001  4.0553666e+005
  7.9800000e+003  2.7722211e+001  1.4987613e+002  8.7565506e+005  6.0000000e+001  3.0453983e+005
  8.0000000e+003  2.7725250e+001  1.4986169e+002  1.0000000e+006  6.0000000e+001  2.3345489e+005
  8.0200000e+003  2.7728255e+001  1.4985552e+002  1.1243449e+006  6.0000000e+001  1.8469149e+005
  8.0400000e+003  2.7731228e+001  1.4985935e+002  1.2408768e+006  6.0000000e+001  1.5164156e+005
  8.0600000e+003  2.7734168e+001  1.4987382e+002  1.3422736e+006  6.0000000e+001  1.2957499e+005
  8.0800000e+003  2.7737077e+001  1.4989827e+002  1.4221640e+006  6.0000000e+001  1.1537049e+005
  8.1000000e+003  2.7739953e+001  1.4993078e+002  1.4755283e+006  6.0000000e+001  1.0708726e+005
  8.1200000e+003  2.7742798e+001  1.4996846e+002  1.4990134e+006  6.0000000e+001  1.0363153e+005
  8.1400000e+003  2.7745611e+001  1.5000780e+002  1.4911436e+006  6.0000000e+001  1.0455250e+005
  8.1600000e+003  2.7748394e+001  1.5004515e+002  1.4524135e+006  6.0000000e+001  1.0995336e+005
  8.1800000e+003  2.7751147e+001  1.5007709e+002  1.3852566e+006  6.0000000e+001  1.2050283e+005
  8.2000000e+003  2.7753869e+001  1.5010088e+002  1.2938926e+006  6.0000000e+001  1.3754154e+005
  8.2200000e+003  2.7756562e+001  1.5011475e+002  1.1840623e+006  6.0000000e+001  1.6327588e+005
  8.2400000e+003  2.7759225e+001  1.5011815e+002  1.0626666e+006  6.0000000e+001  2.0101414e+005
  8.2600000e+003  2.7761859e+001  1.5011173e+002  9.3733338e+005  6.0000000e+001  2.5526715e+005
  8.2800000e+003  2.7764464e+001  1.5009724e+002  8.1593772e+005  6.0000000e+001  3.3122540e+005
  8.3000000e+003  2.7767041e+001  1.5007713e+002  7.0610737e+005  6.0000000e+001  4.3266764e+005
  8.3200000e+003  2.7769589e+001  1.5005397e+002  6.1474338e+005  6.0000000e+001  5.5732658e+005
  8.3400000e+003  2.7772110e+001  1.5002967e+002  5.4758647e+005  6.0000000e+001  6.9047179e+005
  8.3600000e+003  2.7774603e+001  1.5000472e+002  5.0885637e+005  6.0000000e+001  8.0137635e+005
  8.3800000e+003  2.7777069e+001  1.4997783e+002  5.0098664e+005  6.0000000e+001  8.5015066e+005
  8.4000000e+003  2.7779508e+001  1.4994648e+002  5.2447174e+005  6.0000000e+001  8.0894644e+005
  8.4200000e+003  2.7781920e+001  1.4990968e+002  5.7783604e+005  6.0000000e+001  6.8816372e+005
  8.4400000e+003  2.7784306e+001  1.4987175e+002  6.5772645e+005  6.0000000e+001  5.3731413e+005
  8.4600000e+003  2.7786665e+001  1.4983843e+002  7.5912316e+005  6.0000000e+001  4.0368385e+005
  8.4800000e+003  2.7788999e+001  1.4981177e+002  8.7565506e+005  6.0000000e+001  3.0315348e+005
  8.5000000e+003  2.7791307e+001  1.4979346e+002  1.0000000e+006  6.0000000e+001  2.3239744e+005
  8.5200000e+003  2.7793590e+001  1.4920539e+002  1.1243449e+006  6.0000000e+001  1.8322749e+005
  8.5400000e+003  2.7795848e+001  1.4743855e+002  1.2408768e+006  6.0000000e+001  1.4866692e+005
  8.5600000e+003  2.7798082e+001  1.5177612e+002  1.3422736e+006  6.0000000e+001  1.3111205e+005
  8.5800000e+003  2.7800291e+001  1.4979074e+002  1.4221640e+006  6.0000000e+001  1.1483559e+005
  8.6000000e+003  2.7802475e+001  1.4984291e+002  1.4755283e+006  6.0000000e+001  1.0660903e+005
  8.6200000e+003  2.7804636e+001  1.4990346e+002  1.4990134e+006  6.0000000e+001  1.0318878e+005
  8.6400000e+003  2.7806774e+001  1.4996801e+002  1.4911436e+006  6.0000000e+001  1.0412779e+005
  8.6600000e+003  2.7808887e+001  1.5003248e+002  1.4524135e+006  6.0000000e+001  1.0953133e+005
  8.6800000e+003  2.7810978e+001  1.5009281e+002  1.3852566e+006  6.0000000e+001  1.2006849e+005
  8.7000000e+003  2.7813046e+001  1.5014520e+002  1.2938926e+006  6.0000000e+001  1.3707839e+005
  8.7200000e+003  2.7815091e+001  1.5018639e+002  1.1840623e+006  6.0000000e+001  1.6276382e+005
  8.7400000e+003  2.7817114e+001  1.5021387e+002  1.0626666e+006  6.0000000e+001  2.0042672e+005
  8.7600000e+003  2.7819115e+001  1.5022623e+002  9.3733338e+005  6.0000000e+001  2.5456832e+005
  8.7800000e+003  2.7821094e+001  1.5022353e+002  8.1593772e+005  6.0000000e+001  3.3036712e+005
  8.8000000e+003  2.7823051e+001  1.5020748e+002  7.0610737e+005  6.0000000e+001  4.3159145e+005
  8.8200000e+003  2.7824987e+001  1.5345863e+002  6.1474338e+005  6.0000000e+001  5.6514175e+005
  8.8400000e+003  2.7826901e+001  1.5655912e+002  5.4758647e+005  6.0000000e+001  7.1244000e+005
  8.8600000e+003  2.7828795e+001  1.5002506e+002  5.0885637e+005  6.0000000e+001  7.9263408e+005
  8.8800000e+003  2.7830668e+001  1.5004824e+002  5.0098664e+005  6.0000000e+001  8.4759944e+005
  8.9000000e+003  2.7832520e+001  1.5001438e+002  5.2447174e+005  6.0000000e+001  8.0666715e+005
  8.9200000e+003  2.7834352e+001  1.4997743e+002  5.7783604e+005  6.0000000e+001  6.8619321e+005
  8.9400000e+003  2.7836165e+001  1.4994280e+002  6.5772645e+005  6.0000000e+001  5.3579070e+005
  8.9600000e+003  2.7837957e+001  1.4991601e+002  7.5912316e+005  6.0000000e+001  4.0257617e+005
  8.9800000e+003  2.7839730e+001  1.4989752e+002  8.7565506e+005  6.0000000e+001  3.0235297e+005
  9.0000000e+003  2.7841483e+001  1.4988757e+002  1.0000000e+006  6.0000000e+001  2.3180630e+005
  9.0200000e+003  2.7843217e+001  1.4984299e+002  1.1243449e+006  6.0000000e+001  1.8338847e+005
  9.0400000e+003  2.7844932e+001  1.4894400e+002  1.2408768e+006  6.0000000e+001  1.4968085e+005
  9.0600000e+003  2.7846629e+001  1.4817894e+002  1.3422736e+006  6.0000000e+001  1.2724023e+005
  9.0800000e+003  2.7848306e+001  1.5022703e+002  1.4221640e+006  6.0000000e+001  1.1484660e+005
  9.1000000e+003  2.7849966e+001  1.4997690e+002  1.4755283e+006  6.0000000e+001  1.0638495e+005
  9.1200000e+003  2.7851607e+001  1.5003019e+002  1.4990134e+006  6.0000000e+001  1.0297049e+005
  9.1400000e+003  2.7853231e+001  1.5008460e+002  1.4911436e+006  6.0000000e+001  1.0390419e+005
  9.1600000e+003  2.7854836e+001  1.5013579e+002  1.4524135e+006  6.0000000e+001  1.0929052e+005
  9.1800000e+003  2.7856424e+001  1.5017973e+002  1.3852566e+006  6.0000000e+001  1.1979610e+005
  9.2000000e+003  2.7857995e+001  1.5270641e+002  1.2938926e+006  6.0000000e+001  1.3890035e+005
  9.2200000e+003  2.7859548e+001  1.5731942e+002  1.1840623e+006  6.0000000e+001  1.6970331e+005
  9.2400000e+003  2.7861085e+001  1.5072153e+002  1.0626666e+006  6.0000000e+001  1.9970660e+005
  9.2600000e+003  2.7862605e+001  1.5014906e+002  9.3733338e+005  6.0000000e+001  2.5377768e+005
  9.2800000e+003  2.7864108e+001  1.5013522e+002  8.1593772e+005  6.0000000e+001  3.2932947e+005
  9.3000000e+003  2.7865594e+001  1.5011124e+002  7.0610737e+005  6.0000000e+001  4.3024769e+005
  9.3200000e+003  2.7867065e+001  1.5008559e+002  6.1474338e+005  6.0000000e+001  5.5428634e+005
  9.3400000e+003  2.7868519e+001  1.5006060e+002  5.4758647e+005  6.0000000e+001  6.8678555e+005
  9.3600000e+003  2.7869957e+001  1.5003703e+002  5.0885637e+005  6.0000000e+001  7.9714306e+005
  9.3800000e+003  2.7871380e+001  1.5001388e+002  5.0098664e+005  6.0000000e+001  8.4563490e+005
  9.4000000e+003  2.7872787e+001  1.4998903e+002  5.2447174e+005  6.0000000e+001  8.0457622e+005
  9.4200000e+003  2.7874179e+001  1.4996145e+002  5.7783604e+005  6.0000000e+001  6.8441133e+005
  9.4400000e+003  2.7875555e+001  1.4993402e+002  6.5772645e+005  6.0000000e+001  5.3442826e+005
  9.4600000e+003  2.7876917e+001  1.4991058e+002  7.5912316e+005  6.0000000e+001  4.0157745e+005
  9.4800000e+003  2.7878263e+001  1.4989227e+002  8.7565506e+005  6.0000000e+001  3.0161448e+005
  9.5000000e+003  2.7879595e+001  1.4988035e+002  1.0000000e+006  6.0000000e+001  2.3124406e+005
  9.5200000e+003  2.7880912e+001  1.4987667e+002  1.1243449e+006  6.0000000e+001  1.8296476e+005
  9.5400000e+003  2.7882215e+001  1.4988269e+002  1.2408768e+006  6.0000000e+001  1.5024092e+005
  9.5600000e+003  2.7883503e+001  1.4989890e+002  1.3422736e+006  6.0000000e+001  1.2839221e+005
  9.5800000e+003  2.7884778e+001  1.4992450e+002  1.4221640e+006  6.0000000e+001  1.1432953e+005
  9.6000000e+003  2.7886038e+001  1.4995755e+002  1.4755283e+006  6.0000000e+001  1.0613209e+005
  9.6200000e+003  2.7887285e+001  1.4999508e+002  1.4990134e+006  6.0000000e+001  1.0271769e+005
  9.6400000e+003  2.7888518e+001  1.5003360e+002  1.4911436e+006  6.0000000e+001  1.0364097e+005
  9.6600000e+003  2.7889738e+001  1.5006941e+002  1.4524135e+006  6.0000000e+001  1.0900561e+005
  9.6800000e+003  2.7890944e+001  1.5009914e+002  1.3852566e+006  6.0000000e+001  1.1947615e+005
  9.7000000e+003  2.7892137e+001  1.5012013e+002  1.2938926e+006  6.0000000e+001  1.3638383e+005
  9.7200000e+003  2.7893317e+001  1.5013082e+002  1.1840623e+006  6.0000000e+001  1.6191958e+005
  9.7400000e+003  2.7894484e+001  1.5013099e+002  1.0626666e+006  6.0000000e+001  1.9936946e+005
  9.7600000e+003  2.7895638e+001  1.5012180e+002  9.3733338e+005  6.0000000e+001  2.5321626e+005
  9.7800000e+003  2.7896780e+001  1.5010558e+002  8.1593772e+005  6.0000000e+001  3.2862311e+005
  9.8000000e+003  2.7897909e+001  1.5008532e+002  7.0610737e+005  6.0000000e+001  4.2935782e+005
  9.8200000e+003  2.7899026e+001  1.5006391e+002  6.1474338e+005  6.0000000e+001  5.5318364e+005
  9.8400000e+003  2.7900131e+001  1.5004336e+002  5.4758647e+005  6.0000000e+001  6.8546579e+005
  9.8600000e+003  2.7901223e+001  1.5002416e+002  5.0885637e+005  6.0000000e+001  7.9564437e+005
  9.8800000e+003  2.7902304e+001  1.5000524e+002  5.0098664e+005  6.0000000e+001  8.4405041e+005
  9.9000000e+003  2.7903373e+001  1.4998448e+002  5.2447174e+005  6.0000000e+001  8.0305213e+005
  9.9200000e+003  2.7904430e+001  1.4996061e+002  5.7783604e+005  6.0000000e+001  6.8310540e+005
  9.9400000e+003  2.7905475e+001  1.4993583e+002  6.5772645e+005  6.0000000e+001  5.3342002e+005
  9.9600000e+003  2.7906509e+001  1.4991358e+002  7.5912316e+005  6.0000000e+001  4.0083459e+005
  9.9800000e+003  2.7907532e+001  1.4989531e+002  8.7565506e+005  6.0000000e+001  3.0106505e+005
  1.0000000e+004  2.7908544e+001  1.4988267e+002  1.0000000e+006  6.0000000e+001  2.3082702e+005
   
