  0.0000000e+000  0.0000000e+000  5.0000000e-002  0.0000000e+000
  2.0000000e+001  1.7232211e-002  5.0000000e-002  0.0000000e+000
  4.0000000e+001  1.9323572e-002  5.0000000e-002  0.0000000e+000
  6.0000000e+001  1.9341889e-002  5.0000000e-002  0.0000000e+000
  8.0000000e+001  1.9349768e-002  5.0000000e-002  0.0000000e+000
  1.0000000e+002  1.9360863e-002  5.0000000e-002  0.0000000e+000
  1.2000000e+002  1.9374513e-002  5.0000000e-002  0.0000000e+000
  1.4000000e+002  1.9390700e-002  5.0000000e-002  0.0000000e+000
  1.6000000e+002  1.9409450e-002  5.0000000e-002  0.0000000e+000
  1.8000000e+002  1.9430791e-002  5.0000000e-002  0.0000000e+000
  2.0000000e+002  1.9454755e-002  5.0000000e-002  0.0000000e+000
  2.2000000e+002  1.9481378e-002  5.0000000e-002  0.0000000e+000
  2.4000000e+002  1.9510700e-002  5.0000000e-002  0.0000000e+000
  2.6000000e+002  1.9542765e-002  5.0000000e-002  0.0000000e+000
  2.8000000e+002  1.9577622e-002  5.0000000e-002  0.0000000e+000
  3.0000000e+002  1.9615327e-002  5.0000000e-002  0.0000000e+000
  3.2000000e+002  1.9655936e-002  5.0000000e-002  0.0000000e+000
  3.4000000e+002  1.9699514e-002  0.0000000e+000  0.0000000e+000
  3.6000000e+002  1.9746131e-002  0.0000000e+000  0.0000000e+000
  3.8000000e+002  1.9795861e-002  0.0000000e+000  0.0000000e+000
  4.0000000e+002  1.9848785e-002  0.0000000e+000  0.0000000e+000
  4.2000000e+002  1.9904990e-002  0.0000000e+000  0.0000000e+000
  4.4000000e+002  1.9964570e-002  0.0000000e+000  0.0000000e+000
  4.6000000e+002  2.0027624e-002  0.0000000e+000  0.0000000e+000
  4.8000000e+002  2.0094262e-002  0.0000000e+000  0.0000000e+000
  5.0000000e+002  2.0164599e-002  0.0000000e+000  0.0000000e+000
  5.2000000e+002  2.0238758e-002  0.0000000e+000  0.0000000e+000
  5.4000000e+002  2.4256236e-002  0.0000000e+000  0.0000000e+000
  5.6000000e+002  2.5510026e-002  0.0000000e+000  0.0000000e+000
  5.8000000e+002  2.6675028e-002  0.0000000e+000  0.0000000e+000
  6.0000000e+002  2.7869864e-002  0.0000000e+000  0.0000000e+000
  6.2000000e+002  2.9096499e-002  0.0000000e+000  0.0000000e+000
  6.4000000e+002  3.0356443e-002  0.0000000e+000  0.0000000e+000
  6.6000000e+002  3.1651070e-002  0.0000000e+000  0.0000000e+000
  6.8000000e+002  3.2981674e-002  0.0000000e+000  0.0000000e+000
  7.0000000e+002  3.4349508e-002  0.0000000e+000  0.0000000e+000
  7.2000000e+002  3.4850648e-002  0.0000000e+000  0.0000000e+000
  7.4000000e+002  3.5317548e-002  0.0000000e+000  0.0000000e+000
  7.6000000e+002  3.5796856e-002  0.0000000e+000  0.0000000e+000
  7.8000000e+002  3.6289016e-002  0.0000000e+000  0.0000000e+000
  8.0000000e+002  3.6794498e-002  0.0000000e+000  0.0000000e+000
  8.2000000e+002  3.7313798e-002  0.0000000e+000  0.0000000e+000
  8.4000000e+002  3.7847441e-002  0.0000000e+000  0.0000000e+000
  8.6000000e+002  3.8395988e-002  0.0000000e+000  0.0000000e+000
  8.8000000e+002  3.8960031e-002  0.0000000e+000  0.0000000e+000
  9.0000000e+002  3.9540204e-002  0.0000000e+000  0.0000000e+000
  9.2000000e+002  4.0137179e-002  0.0000000e+000  0.0000000e+000
  9.4000000e+002  4.0751673e-002  0.0000000e+000  0.0000000e+000
  9.6000000e+002  4.1384450e-002  0.0000000e+000  0.0000000e+000
  9.8000000e+002  4.2036325e-002  0.0000000e+000  0.0000000e+000
  1.0000000e+003  4.2708171e-002  0.0000000e+000  0.0000000e+000
  1.0200000e+003  4.6972856e-002  0.0000000e+000  0.0000000e+000
  1.0400000e+003  5.1258921e-002  0.0000000e+000  0.0000000e+000
  1.0600000e+003  5.5179171e-002  0.0000000e+000  0.0000000e+000
  1.0800000e+003  5.8516157e-002  0.0000000e+000  4.9999999e-002
  1.1000000e+003  6.1306902e-002  0.0000000e+000  5.0000000e-002
  1.1200000e+003  6.3120634e-002  0.0000000e+000  5.0000000e-002
  1.1400000e+003  6.3975433e-002  0.0000000e+000  5.0000000e-002
  1.1600000e+003  6.3842154e-002  0.0000000e+000  5.0000000e-002
  1.1800000e+003  6.2756537e-002  0.0000000e+000  5.0000000e-002
  1.2000000e+003  6.0819008e-002  0.0000000e+000  5.0000000e-002
  1.2200000e+003  5.8190667e-002  0.0000000e+000  5.0000000e-002
  1.2400000e+003  5.5085122e-002  0.0000000e+000  5.0000000e-002
  1.2600000e+003  5.1897411e-002  0.0000000e+000  5.0000000e-002
  1.2800000e+003  4.8913503e-002  0.0000000e+000  5.0000000e-002
  1.3000000e+003  4.5594187e-002  0.0000000e+000  5.0000000e-002
  1.3200000e+003  4.3181348e-002  0.0000000e+000  5.0000000e-002
  1.3400000e+003  4.1631754e-002  0.0000000e+000  5.0000000e-002
  1.3600000e+003  4.1056095e-002  0.0000000e+000  5.0000000e-002
  1.3800000e+003  4.1604304e-002  0.0000000e+000  5.0000000e-002
  1.4000000e+003  4.3415799e-002  0.0000000e+000  5.0000000e-002
  1.4200000e+003  4.6566661e-002  0.0000000e+000  5.0000000e-002
  1.4400000e+003  5.0994944e-002  0.0000000e+000  5.0000000e-002
  1.4600000e+003  5.6410448e-002  0.0000000e+000  5.0000000e-002
  1.4800000e+003  6.2170161e-002  0.0000000e+000  5.0000000e-002
  1.5000000e+003  6.9814337e-002  0.0000000e+000  5.0000000e-002
  1.5200000e+003  7.6596890e-002  0.0000000e+000  5.0000000e-002
  1.5400000e+003  7.7632253e-002  0.0000000e+000  5.0000000e-002
  1.5600000e+003  7.8646344e-002  0.0000000e+000  5.0000000e-002
  1.5800000e+003  7.9667023e-002  0.0000000e+000  5.0000000e-002
  1.6000000e+003  8.0624422e-002  0.0000000e+000  5.0000000e-002
  1.6200000e+003  8.1466300e-002  0.0000000e+000  5.0000000e-002
  1.6400000e+003  8.2256364e-002  0.0000000e+000  5.0000000e-002
  1.6600000e+003  8.2971108e-002  0.0000000e+000  5.0000000e-002
  1.6800000e+003  8.3585782e-002  0.0000000e+000  5.0000000e-002
  1.7000000e+003  8.4076212e-002  0.0000000e+000  5.0000000e-002
  1.7200000e+003  8.5279991e-002  0.0000000e+000  5.0000000e-002
  1.7400000e+003  8.5357257e-002  0.0000000e+000  5.0000000e-002
  1.7600000e+003  8.5376610e-002  0.0000000e+000  5.0000000e-002
  1.7800000e+003  8.5193124e-002  0.0000000e+000  5.0000000e-002
  1.8000000e+003  7.6482823e-002  0.0000000e+000  5.0000000e-002
  1.8200000e+003  6.9991794e-002  0.0000000e+000  5.0000000e-002
  1.8400000e+003  6.6947348e-002  0.0000000e+000  5.0000000e-002
  1.8600000e+003  6.4395672e-002  0.0000000e+000  5.0000000e-002
  1.8800000e+003  6.3478998e-002  0.0000000e+000  5.0000000e-002
  1.9000000e+003  6.4410537e-002  0.0000000e+000  5.0000000e-002
  1.9200000e+003  6.7287093e-002  0.0000000e+000  5.0000000e-002
  1.9400000e+003  7.2040255e-002  0.0000000e+000  5.0000000e-002
  1.9600000e+003  7.7755346e-002  0.0000000e+000  5.0000000e-002
  1.9800000e+003  7.6807478e-002  0.0000000e+000  5.0000000e-002
  2.0000000e+003  7.5835437e-002  0.0000000e+000  5.0000000e-002
  2.0200000e+003  7.4897575e-002  0.0000000e+000  5.0000000e-002
  2.0400000e+003  7.3998351e-002  5.0000000e-002  5.0000000e-002
  2.0600000e+003  7.3140292e-002  5.0000000e-002  5.0000000e-002
  2.0800000e+003  7.2324476e-002  5.0000000e-002  5.0000000e-002
  2.1000000e+003  7.1550920e-002  5.0000000e-002  5.0000000e-002
  2.1200000e+003  7.0818877e-002  5.0000000e-002  5.0000000e-002
  2.1400000e+003  7.0127079e-002  5.0000000e-002  5.0000000e-002
  2.1600000e+003  6.9473914e-002  5.0000000e-002  5.0000000e-002
  2.1800000e+003  6.8857569e-002  5.0000000e-002  5.0000000e-002
  2.2000000e+003  6.8276122e-002  5.0000000e-002  5.0000000e-002
  2.2200000e+003  6.7727619e-002  5.0000000e-002  5.0000000e-002
  2.2400000e+003  6.7210122e-002  5.0000000e-002  5.0000000e-002
  2.2600000e+003  6.6721744e-002  5.0000000e-002  5.0000000e-002
  2.2800000e+003  6.6260673e-002  5.0000000e-002  5.0000000e-002
  2.3000000e+003  6.5825184e-002  5.0000000e-002  5.0000000e-002
  2.3200000e+003  6.5413645e-002  5.0000000e-002  5.0000000e-002
  2.3400000e+003  6.5024526e-002  5.0000000e-002  5.0000000e-002
  2.3600000e+003  6.4656393e-002  5.0000000e-002  5.0000000e-002
  2.3800000e+003  6.4307908e-002  5.0000000e-002  5.0000000e-002
  2.4000000e+003  6.3977827e-002  5.0000000e-002  5.0000000e-002
  2.4200000e+003  6.3664992e-002  5.0000000e-002  5.0000000e-002
  2.4400000e+003  6.3368329e-002  5.0000000e-002  5.0000000e-002
  2.4600000e+003  6.3086842e-002  5.0000000e-002  5.0000000e-002
  2.4800000e+003  6.2819608e-002  5.0000000e-002  5.0000000e-002
  2.5000000e+003  6.2565771e-002  5.0000000e-002  5.0000000e-002
  2.5200000e+003  6.2324538e-002  5.0000000e-002  5.0000000e-002
  2.5400000e+003  6.2095175e-002  5.0000000e-002  5.0000000e-002
  2.5600000e+003  6.1876999e-002  5.0000000e-002  5.0000000e-002
  2.5800000e+003  6.1669379e-002  5.0000000e-002  5.0000000e-002
  2.6000000e+003  6.1471730e-002  5.0000000e-002  5.0000000e-002
  2.6200000e+003  6.1283506e-002  5.0000000e-002  5.0000000e-002
  2.6400000e+003  6.1104204e-002  0.0000000e+000  5.0000000e-002
  2.6600000e+003  6.0933353e-002  0.0000000e+000  5.0000000e-002
  2.6800000e+003  6.0770518e-002  0.0000000e+000  5.0000000e-002
  2.7000000e+003  6.0615293e-002  0.0000000e+000  5.0000000e-002
  2.7200000e+003  6.0467301e-002  0.0000000e+000  5.0000000e-002
  2.7400000e+003  6.0326190e-002  0.0000000e+000  5.0000000e-002
  2.7600000e+003  6.0191634e-002  0.0000000e+000  5.0000000e-002
  2.7800000e+003  6.0063326e-002  0.0000000e+000  5.0000000e-002
  2.8000000e+003  5.9940982e-002  0.0000000e+000  5.0000000e-002
  2.8200000e+003  5.9824338e-002  0.0000000e+000  5.0000000e-002
  2.8400000e+003  5.9713144e-002  0.0000000e+000  5.0000000e-002
  2.8600000e+003  5.9607172e-002  0.0000000e+000  5.0000000e-002
  2.8800000e+003  5.9506203e-002  0.0000000e+000  5.0000000e-002
  2.9000000e+003  5.9410037e-002  0.0000000e+000  5.0000000e-002
  2.9200000e+003  5.9318486e-002  0.0000000e+000  5.0000000e-002
  2.9400000e+003  5.9231373e-002  0.0000000e+000  5.0000000e-002
  2.9600000e+003  5.9148533e-002  0.0000000e+000  5.0000000e-002
  2.9800000e+003  5.9069814e-002  0.0000000e+000  5.0000000e-002
  3.0000000e+003  5.8995071e-002  0.0000000e+000  0.0000000e+000
  3.0200000e+003  5.8924170e-002  0.0000000e+000  0.0000000e+000
  3.0400000e+003  5.8856987e-002  0.0000000e+000  0.0000000e+000
  3.0600000e+003  5.8793403e-002  0.0000000e+000  0.0000000e+000
  3.0800000e+003  5.8733311e-002  0.0000000e+000  0.0000000e+000
  3.1000000e+003  5.8676608e-002  0.0000000e+000  0.0000000e+000
  3.1200000e+003  5.8623200e-002  0.0000000e+000  0.0000000e+000
  3.1400000e+003  5.8572998e-002  0.0000000e+000  0.0000000e+000
  3.1600000e+003  5.8525922e-002  0.0000000e+000  0.0000000e+000
  3.1800000e+003  5.8481895e-002  0.0000000e+000  0.0000000e+000
  3.2000000e+003  5.8440847e-002  0.0000000e+000  0.0000000e+000
  3.2200000e+003  5.8402714e-002  0.0000000e+000  0.0000000e+000
  3.2400000e+003  5.8367435e-002  0.0000000e+000  0.0000000e+000
  3.2600000e+003  5.8334958e-002  0.0000000e+000  0.0000000e+000
  3.2800000e+003  5.8305230e-002  5.0000000e-002  0.0000000e+000
  3.3000000e+003  5.8278209e-002  5.0000000e-002  0.0000000e+000
  3.3200000e+003  5.8253851e-002  5.0000000e-002  0.0000000e+000
  3.3400000e+003  5.8232122e-002  5.0000000e-002  0.0000000e+000
  3.3600000e+003  5.1430469e-002  5.0000000e-002  0.0000000e+000
  3.3800000e+003  4.9390656e-002  5.0000000e-002  0.0000000e+000
  3.4000000e+003  4.9260197e-002  5.0000000e-002  0.0000000e+000
  3.4200000e+003  5.2495689e-002  5.0000000e-002  0.0000000e+000
  3.4400000e+003  5.7139767e-002  5.0000000e-002  0.0000000e+000
  3.4600000e+003  5.7760317e-002  5.0000000e-002  0.0000000e+000
  3.4800000e+003  5.8160741e-002  5.0000000e-002  0.0000000e+000
  3.5000000e+003  5.8149828e-002  5.0000000e-002  0.0000000e+000
  3.5200000e+003  5.8150751e-002  5.0000000e-002  0.0000000e+000
  3.5400000e+003  5.8154155e-002  5.0000000e-002  0.0000000e+000
  3.5600000e+003  5.8160039e-002  5.0000000e-002  0.0000000e+000
  3.5800000e+003  5.8168412e-002  5.0000000e-002  0.0000000e+000
  3.6000000e+003  5.8179286e-002  5.0000000e-002  0.0000000e+000
  3.6200000e+003  5.8192678e-002  5.0000000e-002  0.0000000e+000
  3.6400000e+003  5.8208606e-002  5.0000000e-002  0.0000000e+000
  3.6600000e+003  5.8227096e-002  5.0000000e-002  0.0000000e+000
  3.6800000e+003  5.8248173e-002  5.0000000e-002  0.0000000e+000
  3.7000000e+003  5.8271869e-002  5.0000000e-002  0.0000000e+000
  3.7200000e+003  5.8298221e-002  5.0000000e-002  0.0000000e+000
  3.7400000e+003  5.8327267e-002  5.0000000e-002  0.0000000e+000
  3.7600000e+003  5.8359051e-002  5.0000000e-002  0.0000000e+000
  3.7800000e+003  5.0856692e-002  5.0000000e-002  0.0000000e+000
  3.8000000e+003  4.4997679e-002  5.0000000e-002  0.0000000e+000
  3.8200000e+003  3.9429896e-002  5.0000000e-002  0.0000000e+000
  3.8400000e+003  3.5871226e-002  5.0000000e-002  0.0000000e+000
  3.8600000e+003  3.3593488e-002  5.0000000e-002  0.0000000e+000
  3.8800000e+003  3.2777664e-002  5.0000000e-002  0.0000000e+000
  3.9000000e+003  3.3436812e-002  5.0000000e-002  0.0000000e+000
  3.9200000e+003  3.5515589e-002  5.0000000e-002  0.0000000e+000
  3.9400000e+003  3.8826612e-002  5.0000000e-002  0.0000000e+000
  3.9600000e+003  4.3073212e-002  5.0000000e-002  0.0000000e+000
  3.9800000e+003  4.7914289e-002  5.0000000e-002  0.0000000e+000
  4.0000000e+003  5.2996990e-002  5.0000000e-002  0.0000000e+000
  4.0200000e+003  5.7905816e-002  5.0000000e-002  0.0000000e+000
  4.0400000e+003  5.8644243e-002  5.0000000e-002  0.0000000e+000
  4.0600000e+003  5.9213753e-002  5.0000000e-002  0.0000000e+000
  4.0800000e+003  5.9296238e-002  5.0000000e-002  0.0000000e+000
  4.1000000e+003  5.9386654e-002  5.0000000e-002  0.0000000e+000
  4.1200000e+003  5.9481639e-002  5.0000000e-002  0.0000000e+000
  4.1400000e+003  5.9581379e-002  5.0000000e-002  0.0000000e+000
  4.1600000e+003  5.9686069e-002  5.0000000e-002  0.0000000e+000
  4.1800000e+003  5.9795924e-002  5.0000000e-002  0.0000000e+000
  4.2000000e+003  5.9911169e-002  5.0000000e-002  0.0000000e+000
  4.2200000e+003  5.8236246e-002  5.0000000e-002  0.0000000e+000
  4.2400000e+003  5.1515529e-002  5.0000000e-002  0.0000000e+000
  4.2600000e+003  4.6800450e-002  5.0000000e-002  0.0000000e+000
  4.2800000e+003  4.1777250e-002  5.0000000e-002  0.0000000e+000
  4.3000000e+003  3.7546868e-002  5.0000000e-002  0.0000000e+000
  4.3200000e+003  3.4152681e-002  5.0000000e-002  0.0000000e+000
  4.3400000e+003  3.1672315e-002  5.0000000e-002  0.0000000e+000
  4.3600000e+003  3.0190304e-002  5.0000000e-002  0.0000000e+000
  4.3800000e+003  2.9759754e-002  5.0000000e-002  0.0000000e+000
  4.4000000e+003  3.0433451e-002  5.0000000e-002  0.0000000e+000
  4.4200000e+003  3.2226657e-002  5.0000000e-002  0.0000000e+000
  4.4400000e+003  3.5028899e-002  5.0000000e-002  0.0000000e+000
  4.4600000e+003  3.8607805e-002  5.0000000e-002  0.0000000e+000
  4.4800000e+003  4.2691639e-002  5.0000000e-002  0.0000000e+000
  4.5000000e+003  4.7005428e-002  5.0000000e-002  0.0000000e+000
  4.5200000e+003  5.1276520e-002  5.0000000e-002  0.0000000e+000
  4.5400000e+003  5.5207884e-002  5.0000000e-002  0.0000000e+000
  4.5600000e+003  5.8558666e-002  5.0000000e-002  0.0000000e+000
  4.5800000e+003  6.1421092e-002  5.0000000e-002  0.0000000e+000
  4.6000000e+003  6.3132845e-002  5.0000000e-002  0.0000000e+000
  4.6200000e+003  6.3934467e-002  5.0000000e-002  0.0000000e+000
  4.6400000e+003  6.3722407e-002  5.0000000e-002  0.0000000e+000
  4.6600000e+003  6.2533969e-002  5.0000000e-002  0.0000000e+000
  4.6800000e+003  6.0468975e-002  5.0000000e-002  0.0000000e+000
  4.7000000e+003  5.7683206e-002  5.0000000e-002  0.0000000e+000
  4.7200000e+003  5.4378506e-002  5.0000000e-002  0.0000000e+000
  4.7400000e+003  5.1006247e-002  5.0000000e-002  0.0000000e+000
  4.7600000e+003  4.7693542e-002  5.0000000e-002  0.0000000e+000
  4.7800000e+003  4.3819119e-002  5.0000000e-002  0.0000000e+000
  4.8000000e+003  4.0822903e-002  5.0000000e-002  0.0000000e+000
  4.8200000e+003  3.8514706e-002  5.0000000e-002  0.0000000e+000
  4.8400000e+003  3.6967272e-002  5.0000000e-002  0.0000000e+000
  4.8600000e+003  3.6252101e-002  5.0000000e-002  0.0000000e+000
  4.8800000e+003  3.6421132e-002  5.0000000e-002  0.0000000e+000
  4.9000000e+003  3.7538824e-002  5.0000000e-002  0.0000000e+000
  4.9200000e+003  3.9654247e-002  5.0000000e-002  0.0000000e+000
  4.9400000e+003  4.2700638e-002  5.0000000e-002  0.0000000e+000
  4.9600000e+003  4.6473215e-002  5.0000000e-002  0.0000000e+000
  4.9800000e+003  5.0726540e-002  5.0000000e-002  0.0000000e+000
  5.0000000e+003  5.5156064e-002  5.0000000e-002  1.9762626e-323
  5.0200000e+003  5.9467750e-002  5.0000000e-002  1.9762626e-323
  5.0400000e+003  6.4040545e-002  5.0000000e-002  1.9762626e-323
  5.0600000e+003  6.7796754e-002  5.0000000e-002  1.9762626e-323
  5.0800000e+003  7.0981520e-002  5.0000000e-002  1.9762626e-323
  5.1000000e+003  7.3377628e-002  5.0000000e-002  1.9762626e-323
  5.1200000e+003  7.4877976e-002  5.0000000e-002  1.9762626e-323
  5.1400000e+003  7.5426428e-002  5.0000000e-002  1.9762626e-323
  5.1600000e+003  7.5020288e-002  5.0000000e-002  1.9762626e-323
  5.1800000e+003  7.3709997e-002  5.0000000e-002  1.9762626e-323
  5.2000000e+003  7.1596216e-002  5.0000000e-002  1.9762626e-323
  5.2200000e+003  6.8824472e-002  5.0000000e-002  1.9762626e-323
  5.2400000e+003  6.5577267e-002  5.0000000e-002  1.9762626e-323
  5.2600000e+003  6.2063155e-002  5.0000000e-002  1.9762626e-323
  5.2800000e+003  5.8501766e-002  5.0000000e-002  1.9762626e-323
  5.3000000e+003  5.5103859e-002  5.0000000e-002  1.9762626e-323
  5.3200000e+003  5.2266155e-002  5.0000000e-002  1.9762626e-323
  5.3400000e+003  5.0087135e-002  5.0000000e-002  1.9762626e-323
  5.3600000e+003  4.7434085e-002  5.0000000e-002  1.9762626e-323
  5.3800000e+003  4.6084219e-002  5.0000000e-002  1.9762626e-323
  5.4000000e+003  4.5438034e-002  5.0000000e-002  1.9762626e-323
  5.4200000e+003  4.5628278e-002  5.0000000e-002  1.9762626e-323
  5.4400000e+003  4.6631173e-002  5.0000000e-002  1.9762626e-323
  5.4600000e+003  4.8275919e-002  5.0000000e-002  1.9762626e-323
  5.4800000e+003  5.0343154e-002  5.0000000e-002  1.9762626e-323
  5.5000000e+003  5.2624631e-002  5.0000000e-002  1.9762626e-323
  5.5200000e+003  5.4862692e-002  5.0000000e-002  1.9762626e-323
  5.5400000e+003  5.6891874e-002  5.0000000e-002  1.9762626e-323
  5.5600000e+003  5.8899092e-002  5.0000000e-002  1.9762626e-323
  5.5800000e+003  5.9943596e-002  5.0000000e-002  1.9762626e-323
  5.6000000e+003  6.0476979e-002  5.0000000e-002  1.9762626e-323
  5.6200000e+003  6.0266750e-002  5.0000000e-002  1.9762626e-323
  5.6400000e+003  5.9279830e-002  5.0000000e-002  1.9762626e-323
  5.6600000e+003  5.7534728e-002  5.0000000e-002  1.9762626e-323
  5.6800000e+003  5.5100381e-002  5.0000000e-002  1.9762626e-323
  5.7000000e+003  5.2206084e-002  5.0000000e-002  1.9762626e-323
  5.7200000e+003  4.9071922e-002  5.0000000e-002  1.9762626e-323
  5.7400000e+003  4.5254051e-002  5.0000000e-002  1.9762626e-323
  5.7600000e+003  4.1290749e-002  5.0000000e-002  1.9762626e-323
  5.7800000e+003  3.7756448e-002  5.0000000e-002  1.9762626e-323
  5.8000000e+003  3.4568212e-002  5.0000000e-002  1.9762626e-323
  5.8200000e+003  3.1872715e-002  5.0000000e-002  1.9762626e-323
  5.8400000e+003  2.9764334e-002  5.0000000e-002  1.9762626e-323
  5.8600000e+003  2.8295884e-002  5.0000000e-002  1.9762626e-323
  5.8800000e+003  2.7509389e-002  5.0000000e-002  1.9762626e-323
  5.9000000e+003  2.7468941e-002  5.0000000e-002  1.9762626e-323
  5.9200000e+003  2.8248920e-002  5.0000000e-002  1.9762626e-323
  5.9400000e+003  2.9832615e-002  5.0000000e-002  1.9762626e-323
  5.9600000e+003  3.2042754e-002  5.0000000e-002  1.9762626e-323
  5.9800000e+003  3.4650309e-002  5.0000000e-002  1.9762626e-323
  6.0000000e+003  3.7448259e-002  5.0000000e-002  1.9762626e-323
  6.0200000e+003  4.0418604e-002  5.0000000e-002  1.9762626e-323
  6.0400000e+003  4.3101350e-002  5.0000000e-002  1.9762626e-323
  6.0600000e+003  4.5423015e-002  5.0000000e-002  1.9762626e-323
  6.0800000e+003  4.7226149e-002  5.0000000e-002  1.9762626e-323
  6.1000000e+003  4.8385525e-002  5.0000000e-002  1.9762626e-323
  6.1200000e+003  4.8816571e-002  5.0000000e-002  1.9762626e-323
  6.1400000e+003  4.8481144e-002  5.0000000e-002  1.9762626e-323
  6.1600000e+003  4.7390323e-002  5.0000000e-002  1.9762626e-323
  6.1800000e+003  4.5604096e-002  5.0000000e-002  1.9762626e-323
  6.2000000e+003  4.3227978e-002  5.0000000e-002  1.9762626e-323
  6.2200000e+003  4.0406708e-002  5.0000000e-002  1.9762626e-323
  6.2400000e+003  3.7315225e-002  5.0000000e-002  1.9762626e-323
  6.2600000e+003  3.4146823e-002  5.0000000e-002  1.9762626e-323
  6.2800000e+003  3.1098028e-002  5.0000000e-002  1.9762626e-323
  6.3000000e+003  2.8349843e-002  5.0000000e-002  1.9762626e-323
  6.3200000e+003  2.6047968e-002  5.0000000e-002  1.9762626e-323
  6.3400000e+003  2.4290963e-002  5.0000000e-002  1.9762626e-323
  6.3600000e+003  2.3138266e-002  5.0000000e-002  1.9762626e-323
  6.3800000e+003  2.2639659e-002  5.0000000e-002  1.9762626e-323
  6.4000000e+003  2.2866904e-002  5.0000000e-002  1.9762626e-323
  6.4200000e+003  2.3900957e-002  5.0000000e-002  1.9762626e-323
  6.4400000e+003  2.5730091e-002  5.0000000e-002  1.9762626e-323
  6.4600000e+003  2.8182300e-002  5.0000000e-002  1.9762626e-323
  6.4800000e+003  3.1034133e-002  5.0000000e-002  1.9762626e-323
  6.5000000e+003  3.4081860e-002  5.0000000e-002  1.9762626e-323
  6.5200000e+003  3.7130227e-002  5.0000000e-002  1.9762626e-323
  6.5400000e+003  3.9988017e-002  5.0000000e-002  1.9762626e-323
  6.5600000e+003  4.2475435e-002  5.0000000e-002  1.9762626e-323
  6.5800000e+003  4.4434793e-002  5.0000000e-002  1.9762626e-323
  6.6000000e+003  4.5740816e-002  5.0000000e-002  1.9762626e-323
  6.6200000e+003  4.6309045e-002  5.0000000e-002  1.9762626e-323
  6.6400000e+003  4.6101629e-002  5.0000000e-002  1.9762626e-323
  6.6600000e+003  4.5130127e-002  5.0000000e-002  1.9762626e-323
  6.6800000e+003  4.3455189e-002  5.0000000e-002  1.9762626e-323
  6.7000000e+003  4.1183153e-002  5.0000000e-002  1.9762626e-323
  6.7200000e+003  3.8459713e-002  5.0000000e-002  1.9762626e-323
  6.7400000e+003  3.5460857e-002  5.0000000e-002  1.9762626e-323
  6.7600000e+003  3.2380978e-002  5.0000000e-002  1.9762626e-323
  6.7800000e+003  2.9417708e-002  5.0000000e-002  1.9762626e-323
  6.8000000e+003  2.6753124e-002  5.0000000e-002  1.9762626e-323
  6.8200000e+003  2.4533900e-002  5.0000000e-002  1.9762626e-323
  6.8400000e+003  2.2859404e-002  5.0000000e-002  1.9762626e-323
  6.8600000e+003  2.1789694e-002  5.0000000e-002  1.9762626e-323
  6.8800000e+003  2.1375049e-002  5.0000000e-002  1.9762626e-323
  6.9000000e+003  2.1687576e-002  5.0000000e-002  1.9762626e-323
  6.9200000e+003  2.2808012e-002  5.0000000e-002  1.9762626e-323
  6.9400000e+003  2.4723654e-002  5.0000000e-002  1.9762626e-323
  6.9600000e+003  2.7262035e-002  5.0000000e-002  1.9762626e-323
  6.9800000e+003  3.0199711e-002  5.0000000e-002  1.9762626e-323
  7.0000000e+003  3.3332508e-002  5.0000000e-002  1.9762626e-323
  7.0200000e+003  3.6464490e-002  5.0000000e-002  1.9762626e-323
  7.0400000e+003  3.9403754e-002  5.0000000e-002  1.9762626e-323
  7.0600000e+003  4.1969889e-002  5.0000000e-002  1.9762626e-323
  7.0800000e+003  4.4004710e-002  5.0000000e-002  1.9762626e-323
  7.1000000e+003  4.5382597e-002  5.0000000e-002  1.9762626e-323
  7.1200000e+003  4.6018924e-002  5.0000000e-002  1.9762626e-323
  7.1400000e+003  4.5875862e-002  5.0000000e-002  1.9762626e-323
  7.1600000e+003  4.4965183e-002  5.0000000e-002  1.9762626e-323
  7.1800000e+003  4.3347932e-002  5.0000000e-002  1.9762626e-323
  7.2000000e+003  4.1131001e-002  5.0000000e-002  1.9762626e-323
  7.2200000e+003  3.8460770e-002  5.0000000e-002  1.9762626e-323
  7.2400000e+003  3.5514000e-002  5.0000000e-002  1.9762626e-323
  7.2600000e+003  3.2485918e-002  5.0000000e-002  1.9762626e-323
  7.2800000e+003  2.9575002e-002  5.0000000e-002  1.9762626e-323
  7.3000000e+003  2.6964145e-002  5.0000000e-002  1.9762626e-323
  7.3200000e+003  2.4800759e-002  5.0000000e-002  1.9762626e-323
  7.3400000e+003  2.3184804e-002  5.0000000e-002  1.9762626e-323
  7.3600000e+003  2.2176770e-002  5.0000000e-002  1.9762626e-323
  7.3800000e+003  2.1827260e-002  5.0000000e-002  1.9762626e-323
  7.4000000e+003  2.2208587e-002  5.0000000e-002  1.9762626e-323
  7.4200000e+003  2.3401245e-002  5.0000000e-002  1.9762626e-323
  7.4400000e+003  2.5391698e-002  5.0000000e-002  1.9762626e-323
  7.4600000e+003  2.8007073e-002  5.0000000e-002  1.9762626e-323
  7.4800000e+003  3.1023918e-002  5.0000000e-002  1.9762626e-323
  7.5000000e+003  3.4237684e-002  5.0000000e-002  1.9762626e-323
  7.5200000e+003  3.7451893e-002  5.0000000e-002  1.9762626e-323
  7.5400000e+003  4.0474109e-002  5.0000000e-002  1.9762626e-323
  7.5600000e+003  4.3123457e-002  5.0000000e-002  1.9762626e-323
  7.5800000e+003  4.5241397e-002  5.0000000e-002  1.9762626e-323
  7.6000000e+003  4.6702085e-002  5.0000000e-002  1.9762626e-323
  7.6200000e+003  4.7420828e-002  5.0000000e-002  1.9762626e-323
  7.6400000e+003  4.7359889e-002  5.0000000e-002  1.9762626e-323
  7.6600000e+003  4.6531302e-002  5.0000000e-002  1.9762626e-323
  7.6800000e+003  4.4996527e-002  5.0000000e-002  1.9762626e-323
  7.7000000e+003  4.2863015e-002  5.0000000e-002  1.9762626e-323
  7.7200000e+003  4.0277824e-002  5.0000000e-002  1.9762626e-323
  7.7400000e+003  3.7418485e-002  5.0000000e-002  1.9762626e-323
  7.7600000e+003  3.4481053e-002  5.0000000e-002  1.9762626e-323
  7.7800000e+003  3.1664864e-002  5.0000000e-002  1.9762626e-323
  7.8000000e+003  2.9153667e-002  5.0000000e-002  1.9762626e-323
  7.8200000e+003  2.7095679e-002  5.0000000e-002  1.9762626e-323
  7.8400000e+003  2.5591566e-002  5.0000000e-002  1.9762626e-323
  7.8600000e+003  2.4702404e-002  5.0000000e-002  1.9762626e-323
  7.8800000e+003  2.4479304e-002  5.0000000e-002  1.9762626e-323
  7.9000000e+003  2.4995011e-002  5.0000000e-002  1.9762626e-323
  7.9200000e+003  2.6330131e-002  5.0000000e-002  1.9762626e-323
  7.9400000e+003  2.8470840e-002  5.0000000e-002  1.9762626e-323
  7.9600000e+003  3.1244359e-002  5.0000000e-002  1.9762626e-323
  7.9800000e+003  3.4427647e-002  5.0000000e-002  1.9762626e-323
  8.0000000e+003  3.7816329e-002  5.0000000e-002  1.9762626e-323
  8.0200000e+003  4.1214021e-002  5.0000000e-002  1.9762626e-323
  8.0400000e+003  4.4428427e-002  5.0000000e-002  1.9762626e-323
  8.0600000e+003  4.7278914e-002  5.0000000e-002  1.9762626e-323
  8.0800000e+003  4.9607305e-002  0.0000000e+000  5.0000000e-002
  8.1000000e+003  5.1288274e-002  0.0000000e+000  5.0000000e-002
  8.1200000e+003  5.2237807e-002  0.0000000e+000  5.0000000e-002
  8.1400000e+003  5.2419032e-002  0.0000000e+000  5.0000000e-002
  8.1600000e+003  5.1845030e-002  0.0000000e+000  5.0000000e-002
  8.1800000e+003  5.0578498e-002  0.0000000e+000  5.0000000e-002
  8.2000000e+003  4.8728302e-002  0.0000000e+000  5.0000000e-002
  8.2200000e+003  4.6443085e-002  0.0000000e+000  5.0000000e-002
  8.2400000e+003  4.3902109e-002  0.0000000e+000  5.0000000e-002
  8.2600000e+003  4.1303283e-002  0.0000000e+000  5.0000000e-002
  8.2800000e+003  3.8847896e-002  0.0000000e+000  5.0000000e-002
  8.3000000e+003  3.6721707e-002  0.0000000e+000  5.0000000e-002
  8.3200000e+003  3.5074936e-002  0.0000000e+000  5.0000000e-002
  8.3400000e+003  3.4010168e-002  0.0000000e+000  5.0000000e-002
  8.3600000e+003  3.3590220e-002  0.0000000e+000  5.0000000e-002
  8.3800000e+003  3.3867709e-002  0.0000000e+000  5.0000000e-002
  8.4000000e+003  3.4916567e-002  0.0000000e+000  5.0000000e-002
  8.4200000e+003  3.6818040e-002  0.0000000e+000  5.0000000e-002
  8.4400000e+003  3.9558293e-002  0.0000000e+000  5.0000000e-002
  8.4600000e+003  4.2964134e-002  0.0000000e+000  5.0000000e-002
  8.4800000e+003  4.6811231e-002  0.0000000e+000  5.0000000e-002
  8.5000000e+003  5.0892359e-002  0.0000000e+000  5.0000000e-002
  8.5200000e+003  5.4948948e-002  0.0000000e+000  5.0000000e-002
  8.5400000e+003  5.8730231e-002  0.0000000e+000  5.0000000e-002
  8.5600000e+003  6.2677820e-002  0.0000000e+000  5.0000000e-002
  8.5800000e+003  6.5602832e-002  0.0000000e+000  5.0000000e-002
  8.6000000e+003  6.7995337e-002  0.0000000e+000  5.0000000e-002
  8.6200000e+003  6.9611482e-002  0.0000000e+000  5.0000000e-002
  8.6400000e+003  7.0388625e-002  0.0000000e+000  5.0000000e-002
  8.6600000e+003  7.0310583e-002  0.0000000e+000  5.0000000e-002
  8.6800000e+003  6.9408604e-002  0.0000000e+000  5.0000000e-002
  8.7000000e+003  6.7760055e-002  0.0000000e+000  5.0000000e-002
  8.7200000e+003  6.5484806e-002  0.0000000e+000  5.0000000e-002
  8.7400000e+003  6.2739125e-002  0.0000000e+000  5.0000000e-002
  8.7600000e+003  5.9706454e-002  0.0000000e+000  5.0000000e-002
  8.7800000e+003  5.6583949e-002  0.0000000e+000  5.0000000e-002
  8.8000000e+003  5.3563979e-002  0.0000000e+000  5.0000000e-002
  8.8200000e+003  5.1229127e-002  0.0000000e+000  5.0000000e-002
  8.8400000e+003  4.9228419e-002  0.0000000e+000  5.0000000e-002
  8.8600000e+003  4.6631282e-002  0.0000000e+000  5.0000000e-002
  8.8800000e+003  4.5281845e-002  0.0000000e+000  5.0000000e-002
  8.9000000e+003  4.4645709e-002  0.0000000e+000  5.0000000e-002
  8.9200000e+003  4.4785690e-002  0.0000000e+000  5.0000000e-002
  8.9400000e+003  4.5707574e-002  0.0000000e+000  5.0000000e-002
  8.9600000e+003  4.7255714e-002  0.0000000e+000  5.0000000e-002
  8.9800000e+003  4.9220163e-002  0.0000000e+000  5.0000000e-002
  9.0000000e+003  5.1405577e-002  0.0000000e+000  5.0000000e-002
  9.0200000e+003  5.3614985e-002  0.0000000e+000  5.0000000e-002
  9.0400000e+003  5.5597905e-002  0.0000000e+000  5.0000000e-002
  9.0600000e+003  5.7257656e-002  0.0000000e+000  5.0000000e-002
  9.0800000e+003  5.8635548e-002  0.0000000e+000  5.0000000e-002
  9.1000000e+003  5.9216352e-002  0.0000000e+000  5.0000000e-002
  9.1200000e+003  5.9105928e-002  0.0000000e+000  5.0000000e-002
  9.1400000e+003  5.8246552e-002  0.0000000e+000  5.0000000e-002
  9.1600000e+003  5.6648555e-002  0.0000000e+000  5.0000000e-002
  9.1800000e+003  5.4371787e-002  0.0000000e+000  5.0000000e-002
  9.2000000e+003  5.1689115e-002  0.0000000e+000  5.0000000e-002
  9.2200000e+003  4.8690012e-002  0.0000000e+000  5.0000000e-002
  9.2400000e+003  4.4804820e-002  0.0000000e+000  5.0000000e-002
  9.2600000e+003  4.1130674e-002  0.0000000e+000  5.0000000e-002
  9.2800000e+003  3.7691819e-002  0.0000000e+000  5.0000000e-002
  9.3000000e+003  3.4578264e-002  0.0000000e+000  5.0000000e-002
  9.3200000e+003  3.1937992e-002  0.0000000e+000  5.0000000e-002
  9.3400000e+003  2.9870511e-002  0.0000000e+000  5.0000000e-002
  9.3600000e+003  2.8435526e-002  0.0000000e+000  5.0000000e-002
  9.3800000e+003  2.7682651e-002  0.0000000e+000  5.0000000e-002
  9.4000000e+003  2.7683021e-002  0.0000000e+000  5.0000000e-002
  9.4200000e+003  2.8515056e-002  0.0000000e+000  5.0000000e-002
  9.4400000e+003  3.0161954e-002  0.0000000e+000  5.0000000e-002
  9.4600000e+003  3.2448584e-002  0.0000000e+000  5.0000000e-002
  9.4800000e+003  3.5150080e-002  0.0000000e+000  5.0000000e-002
  9.5000000e+003  3.8059745e-002  0.0000000e+000  5.0000000e-002
  9.5200000e+003  4.0978635e-002  0.0000000e+000  5.0000000e-002
  9.5400000e+003  4.3711904e-002  0.0000000e+000  5.0000000e-002
  9.5600000e+003  4.6076461e-002  0.0000000e+000  5.0000000e-002
  9.5800000e+003  4.7911823e-002  0.0000000e+000  5.0000000e-002
  9.6000000e+003  4.9090542e-002  0.0000000e+000  5.0000000e-002
  9.6200000e+003  4.9526693e-002  0.0000000e+000  5.0000000e-002
  9.6400000e+003  4.9181709e-002  0.0000000e+000  5.0000000e-002
  9.6600000e+003  4.8067182e-002  0.0000000e+000  5.0000000e-002
  9.6800000e+003  4.6244503e-002  0.0000000e+000  5.0000000e-002
  9.7000000e+003  4.3821367e-002  0.0000000e+000  5.0000000e-002
  9.7200000e+003  4.0945330e-002  0.0000000e+000  5.0000000e-002
  9.7400000e+003  3.7794591e-002  0.0000000e+000  5.0000000e-002
  9.7600000e+003  3.4565966e-002  0.0000000e+000  5.0000000e-002
  9.7800000e+003  3.1459558e-002  0.0000000e+000  5.0000000e-002
  9.8000000e+003  2.8659804e-002  0.0000000e+000  5.0000000e-002
  9.8200000e+003  2.6315431e-002  0.0000000e+000  5.0000000e-002
  9.8400000e+003  2.4527323e-002  0.0000000e+000  5.0000000e-002
  9.8600000e+003  2.3356468e-002  0.0000000e+000  5.0000000e-002
  9.8800000e+003  2.2853686e-002  0.0000000e+000  5.0000000e-002
  9.9000000e+003  2.3091218e-002  0.0000000e+000  5.0000000e-002
  9.9200000e+003  2.4148350e-002  0.0000000e+000  5.0000000e-002
  9.9400000e+003  2.6008864e-002  0.0000000e+000  5.0000000e-002
  9.9600000e+003  2.8498292e-002  0.0000000e+000  5.0000000e-002
  9.9800000e+003  3.1392512e-002  0.0000000e+000  5.0000000e-002
  1.0000000e+004  3.4485409e-002  0.0000000e+000  5.0000000e-002
 
