  0.0000000e+000  7.0000000e+001  0.0000000e+000  6.0000000e+001  6.0000000e+001
  2.0000000e+001  7.0640903e+001  1.1919282e+002  5.1485834e+001  6.0198654e+001
  4.0000000e+001  7.1258079e+001  1.4982302e+002  4.4114275e+001  6.0420043e+001
  6.0000000e+001  7.1871318e+001  1.5001191e+002  3.8419235e+001  6.0643652e+001
  8.0000000e+001  7.2484414e+001  1.5000027e+002  3.4069224e+001  6.0867258e+001
  1.0000000e+002  7.3097312e+001  1.4999969e+002  3.0746544e+001  6.1090865e+001
  1.2000000e+002  7.3709962e+001  1.4999966e+002  2.8208570e+001  6.1314472e+001
  1.4000000e+002  7.4322314e+001  1.4999961e+002  2.6269980e+001  6.1538078e+001
  1.6000000e+002  7.4934317e+001  1.4999955e+002  2.4789221e+001  6.1761685e+001
  1.8000000e+002  7.5545919e+001  1.4999949e+002  2.3658168e+001  6.1985291e+001
  2.0000000e+002  7.6157068e+001  1.4999943e+002  2.2794232e+001  6.2208897e+001
  2.2000000e+002  7.6767711e+001  1.4999936e+002  2.2500702e+001  6.2432504e+001
  2.4000000e+002  7.7377795e+001  1.4999930e+002  2.2977791e+001  6.2656110e+001
  2.6000000e+002  7.7987265e+001  1.4999924e+002  2.4043505e+001  6.2879716e+001
  2.8000000e+002  7.8596066e+001  1.4999917e+002  2.5558831e+001  6.3103323e+001
  3.0000000e+002  7.9204141e+001  1.4999910e+002  2.7417585e+001  6.3326929e+001
  3.2000000e+002  7.9811433e+001  1.4999903e+002  2.9538662e+001  6.3550535e+001
  3.4000000e+002  7.9757884e+001  1.4999896e+002  3.1860110e+001  6.3774141e+001
  3.6000000e+002  7.9363432e+001  1.4999889e+002  3.4334609e+001  6.3997747e+001
  3.8000000e+002  7.8968018e+001  1.4999881e+002  3.6926013e+001  6.4221353e+001
  4.0000000e+002  7.8571577e+001  1.4999873e+002  3.9606714e+001  6.4444959e+001
  4.2000000e+002  7.8174044e+001  1.4999865e+002  4.2355623e+001  6.4668565e+001
  4.4000000e+002  7.7775355e+001  1.4999857e+002  4.5156633e+001  6.4892170e+001
  4.6000000e+002  7.7375439e+001  1.4999848e+002  4.7997438e+001  6.5115776e+001
  4.8000000e+002  7.6974226e+001  1.4999839e+002  5.0868642e+001  6.5339382e+001
  5.0000000e+002  7.6571643e+001  1.4999830e+002  5.3763066e+001  6.5562987e+001
  5.2000000e+002  7.6167616e+001  1.4999820e+002  5.7222212e+001  6.5786593e+001
  5.4000000e+002  7.5721609e+001  1.4993669e+002  5.8982510e+001  6.6050715e+001
  5.6000000e+002  7.5223226e+001  1.4996657e+002  5.9199944e+001  6.6365573e+001
  5.8000000e+002  7.4701422e+001  1.4996429e+002  5.9364541e+001  6.6702163e+001
  6.0000000e+002  7.4156025e+001  1.4996193e+002  5.9502385e+001  6.7060575e+001
  6.2000000e+002  7.3586416e+001  1.4995943e+002  5.9618394e+001  6.7441337e+001
  6.4000000e+002  7.2991943e+001  1.4995680e+002  5.9716376e+001  6.7845008e+001
  6.6000000e+002  7.2371927e+001  1.4995402e+002  5.9799348e+001  6.8272171e+001
  6.8000000e+002  7.1725660e+001  1.4995111e+002  5.9869734e+001  6.8723429e+001
  7.0000000e+002  7.1052411e+001  1.4994805e+002  5.9929501e+001  6.9199411e+001
  7.2000000e+002  7.0360010e+001  1.4998244e+002  5.9947045e+001  6.9692153e+001
  7.4000000e+002  6.9658349e+001  1.4998186e+002  5.9961939e+001  7.0191666e+001
  7.6000000e+002  6.8947226e+001  1.4998117e+002  5.9975960e+001  7.0698030e+001
  7.8000000e+002  6.8226389e+001  1.4998045e+002  5.9989149e+001  7.1211373e+001
  8.0000000e+002  6.7495576e+001  1.4997970e+002  6.0001543e+001  7.1731822e+001
  8.2000000e+002  6.6754517e+001  1.4997891e+002  6.0013178e+001  7.2259508e+001
  8.4000000e+002  6.6002929e+001  1.4997809e+002  6.0024088e+001  7.2794566e+001
  8.6000000e+002  6.5240520e+001  1.4997722e+002  6.0034308e+001  7.3337134e+001
  8.8000000e+002  6.4466986e+001  1.4997631e+002  6.0043869e+001  7.3887352e+001
  9.0000000e+002  6.3682011e+001  1.4997536e+002  6.0052801e+001  7.4445364e+001
  9.2000000e+002  6.2885266e+001  1.4997435e+002  6.0061135e+001  7.5011318e+001
  9.4000000e+002  6.2076407e+001  1.4997329e+002  6.0068898e+001  7.5585364e+001
  9.6000000e+002  6.1255077e+001  1.4997218e+002  6.0076118e+001  7.6167658e+001
  9.8000000e+002  6.0420902e+001  1.4997100e+002  6.0082820e+001  7.6758357e+001
  1.0000000e+003  5.9573491e+001  1.4996975e+002  6.0089029e+001  7.7357624e+001
  1.0200000e+003  5.8677869e+001  1.4979260e+002  6.0157213e+001  7.8000321e+001
  1.0400000e+003  5.7695187e+001  1.4978995e+002  6.0201036e+001  7.8724934e+001
  1.0600000e+003  5.6629877e+001  1.4910351e+002  6.0227576e+001  7.9526859e+001
  1.0800000e+003  5.5911865e+001  1.4755291e+002  6.0242372e+001  7.9976970e+001
  1.1000000e+003  5.5709785e+001  1.4983645e+002  6.0244911e+001  7.9902435e+001
  1.1200000e+003  5.5463970e+001  1.4989420e+002  6.0243066e+001  7.9866532e+001
  1.1400000e+003  5.5191367e+001  1.4996676e+002  6.0235968e+001  7.9850626e+001
  1.1600000e+003  5.4911554e+001  1.5003980e+002  6.0224149e+001  7.9834755e+001
  1.1800000e+003  5.4644044e+001  1.5010767e+002  6.0207497e+001  7.9799002e+001
  1.2000000e+003  5.4406986e+001  1.5016502e+002  6.0185266e+001  7.9724794e+001
  1.2200000e+003  5.4215901e+001  1.5020726e+002  6.0155988e+001  7.9596160e+001
  1.2400000e+003  5.4082549e+001  1.5023099e+002  6.0117368e+001  7.9400866e+001
  1.2600000e+003  5.4013325e+001  1.5236491e+002  6.0063076e+001  7.9131483e+001
  1.2800000e+003  5.4005515e+001  1.5699434e+002  5.9986425e+001  7.8786068e+001
  1.3000000e+003  5.4071955e+001  1.4978565e+002  5.9918853e+001  7.8366062e+001
  1.3200000e+003  5.4185901e+001  1.5009069e+002  5.9818822e+001  7.7882490e+001
  1.3400000e+003  5.4339260e+001  1.5005038e+002  5.9725666e+001  7.7347634e+001
  1.3600000e+003  5.4514132e+001  1.5000487e+002  5.9665830e+001  7.6778740e+001
  1.3800000e+003  5.4689524e+001  1.4995317e+002  5.9670861e+001  7.6196064e+001
  1.4000000e+003  5.4841526e+001  1.4989277e+002  5.9749355e+001  7.5622745e+001
  1.4200000e+003  5.4943928e+001  1.4982440e+002  5.9872834e+001  7.5084197e+001
  1.4400000e+003  5.4970315e+001  1.4975267e+002  5.9997686e+001  7.4606018e+001
  1.4600000e+003  5.4897360e+001  1.4849465e+002  6.0099347e+001  7.4211135e+001
  1.4800000e+003  5.4709975e+001  1.4185751e+002  6.0176615e+001  7.3917918e+001
  1.5000000e+003  5.4390076e+001  1.4954891e+002  6.0210945e+001  7.3740821e+001
  1.5200000e+003  5.3922568e+001  1.4976526e+002  6.0244118e+001  7.3685828e+001
  1.5400000e+003  5.3380046e+001  1.4992221e+002  6.1303272e+001  7.3685484e+001
  1.5600000e+003  5.2817283e+001  1.4992100e+002  6.3091411e+001  7.3685223e+001
  1.5800000e+003  5.2234147e+001  1.4992080e+002  6.4875086e+001  7.3684959e+001
  1.6000000e+003  5.1630872e+001  1.4972442e+002  6.6371747e+001  7.3684570e+001
  1.6200000e+003  5.1009897e+001  1.4922482e+002  6.7468693e+001  7.3682811e+001
  1.6400000e+003  5.0372565e+001  1.4875404e+002  6.8087460e+001  7.3679426e+001
  1.6600000e+003  4.9720144e+001  1.4832676e+002  6.8194982e+001  7.3674535e+001
  1.6800000e+003  4.9054388e+001  1.4795856e+002  6.7798213e+001  7.3668306e+001
  1.7000000e+003  4.8377542e+001  1.4766472e+002  6.6938235e+001  7.3660961e+001
  1.7200000e+003  4.7676997e+001  1.5047468e+002  6.5519151e+001  7.3661778e+001
  1.7400000e+003  4.6971294e+001  1.4998603e+002  6.3963910e+001  7.3661958e+001
  1.7600000e+003  4.6263616e+001  1.5000622e+002  6.2245989e+001  7.3661944e+001
  1.7800000e+003  4.5557585e+001  1.5002690e+002  6.0483955e+001  7.3661999e+001
  1.8000000e+003  4.4966717e+001  1.5585844e+002  6.0164150e+001  7.3546349e+001
  1.8200000e+003  4.4501818e+001  1.3779438e+002  6.0144290e+001  7.3318296e+001
  1.8400000e+003  4.4128089e+001  1.5025153e+002  6.0070166e+001  7.3016899e+001
  1.8600000e+003  4.3817170e+001  1.5014256e+002  6.0038287e+001  7.2664618e+001
  1.8800000e+003  4.3541350e+001  1.5001354e+002  6.0037343e+001  7.2294929e+001
  1.9000000e+003  4.3265662e+001  1.4987129e+002  6.0068762e+001  7.1944300e+001
  1.9200000e+003  4.2951922e+001  1.4972366e+002  6.0117636e+001  7.1651862e+001
  1.9400000e+003  4.2561635e+001  1.4958139e+002  6.0165265e+001  7.1456558e+001
  1.9600000e+003  4.2059877e+001  1.4987940e+002  6.0211809e+001  7.1393300e+001
  1.9800000e+003  4.1513919e+001  1.5007625e+002  6.1247641e+001  7.1393462e+001
  2.0000000e+003  4.0987542e+001  1.5007381e+002  6.3142511e+001  7.1393713e+001
  2.0200000e+003  4.0480273e+001  1.5007085e+002  6.5330225e+001  7.1393954e+001
  2.0400000e+003  3.9995098e+001  1.5006763e+002  6.7549347e+001  7.1394185e+001
  2.0600000e+003  4.0510064e+001  1.5006428e+002  6.9633703e+001  7.1394405e+001
  2.0800000e+003  4.1055487e+001  1.5006090e+002  7.1454602e+001  7.1394613e+001
  2.1000000e+003  4.1616804e+001  1.5005757e+002  7.2908493e+001  7.1394811e+001
  2.1200000e+003  4.2193174e+001  1.5005433e+002  7.3917341e+001  7.1394997e+001
  2.1400000e+003  4.2783780e+001  1.5005122e+002  7.4431701e+001  7.1395173e+001
  2.1600000e+003  4.3387833e+001  1.5004825e+002  7.4433280e+001  7.1395339e+001
  2.1800000e+003  4.4004578e+001  1.5004544e+002  7.3935919e+001  7.1395495e+001
  2.2000000e+003  4.4633298e+001  1.5004278e+002  7.2984679e+001  7.1395642e+001
  2.2200000e+003  4.5273314e+001  1.5004029e+002  7.1652999e+001  7.1395780e+001
  2.2400000e+003  4.5923986e+001  1.5003795e+002  7.0038075e+001  7.1395910e+001
  2.2600000e+003  4.6584715e+001  1.5003576e+002  6.8254756e+001  7.1396033e+001
  2.2800000e+003  4.7254934e+001  1.5003372e+002  6.6428326e+001  7.1396149e+001
  2.3000000e+003  4.7934117e+001  1.5003181e+002  6.4686636e+001  7.1396258e+001
  2.3200000e+003  4.8621767e+001  1.5003002e+002  6.3152071e+001  7.1396361e+001
  2.3400000e+003  4.9317422e+001  1.5002835e+002  6.1933860e+001  7.1396458e+001
  2.3600000e+003  5.0020646e+001  1.5002679e+002  6.1121214e+001  7.1396550e+001
  2.3800000e+003  5.0731035e+001  1.5002534e+002  6.0777723e+001  7.1396637e+001
  2.4000000e+003  5.1448207e+001  1.5002398e+002  6.0937362e+001  7.1396719e+001
  2.4200000e+003  5.2171807e+001  1.5002270e+002  6.1602354e+001  7.1396797e+001
  2.4400000e+003  5.2901500e+001  1.5002151e+002  6.2743036e+001  7.1396871e+001
  2.4600000e+003  5.3636973e+001  1.5002039e+002  6.4299721e+001  7.1396941e+001
  2.4800000e+003  5.4377931e+001  1.5001934e+002  6.6186450e+001  7.1397007e+001
  2.5000000e+003  5.5124099e+001  1.5001836e+002  6.8296396e+001  7.1397070e+001
  2.5200000e+003  5.5875216e+001  1.5001743e+002  7.0508578e+001  7.1397129e+001
  2.5400000e+003  5.6631039e+001  1.5001656e+002  7.2695462e+001  7.1397186e+001
  2.5600000e+003  5.7391335e+001  1.5001574e+002  7.4730978e+001  7.1397240e+001
  2.5800000e+003  5.8155888e+001  1.5001497e+002  7.6498441e+001  7.1397291e+001
  2.6000000e+003  5.8924493e+001  1.5001424e+002  7.7897887e+001  7.1397340e+001
  2.6200000e+003  5.9696956e+001  1.5001356e+002  7.8852354e+001  7.1397386e+001
  2.6400000e+003  5.9893094e+001  1.5001291e+002  7.9312717e+001  7.1397430e+001
  2.6600000e+003  5.9672732e+001  1.5001229e+002  7.9260781e+001  7.1397472e+001
  2.6800000e+003  5.9455706e+001  1.5001171e+002  7.8710424e+001  7.1397512e+001
  2.7000000e+003  5.9241860e+001  1.5001115e+002  7.7706722e+001  7.1397550e+001
  2.7200000e+003  5.9031046e+001  1.5001063e+002  7.6323126e+001  7.1397586e+001
  2.7400000e+003  5.8823122e+001  1.5001013e+002  7.4656841e+001  7.1397621e+001
  2.7600000e+003  5.8617955e+001  1.5000965e+002  7.2822724e+001  7.1397654e+001
  2.7800000e+003  5.8415415e+001  1.5000920e+002  7.0946065e+001  7.1397685e+001
  2.8000000e+003  5.8215382e+001  1.5000876e+002  6.9154719e+001  7.1397715e+001
  2.8200000e+003  5.8017738e+001  1.5000835e+002  6.7571071e+001  7.1397744e+001
  2.8400000e+003  5.7822372e+001  1.5000796e+002  6.6304350e+001  7.1397771e+001
  2.8600000e+003  5.7629177e+001  1.5000758e+002  6.5443763e+001  7.1397797e+001
  2.8800000e+003  5.7438052e+001  1.5000722e+002  6.5052894e+001  7.1397821e+001
  2.9000000e+003  5.7248897e+001  1.5000687e+002  6.5165710e+001  7.1397845e+001
  2.9200000e+003  5.7061620e+001  1.5000654e+002  6.5784424e+001  7.1397867e+001
  2.9400000e+003  5.6876128e+001  1.5000621e+002  6.6879362e+001  7.1397888e+001
  2.9600000e+003  5.6692336e+001  1.5000591e+002  6.8390825e+001  7.1397909e+001
  2.9800000e+003  5.6510160e+001  1.5000561e+002  7.0232843e+001  7.1397928e+001
  3.0000000e+003  5.6329517e+001  1.5000532e+002  7.2298577e+001  7.1397946e+001
  3.0200000e+003  5.5150331e+001  1.5000504e+002  7.3920049e+001  7.0397963e+001
  3.0400000e+003  5.3972526e+001  1.5000478e+002  7.5522682e+001  6.9397980e+001
  3.0600000e+003  5.2796028e+001  1.5000452e+002  7.6980333e+001  6.8397995e+001
  3.0800000e+003  5.1620766e+001  1.5000426e+002  7.8176242e+001  6.7398010e+001
  3.1000000e+003  5.0446673e+001  1.5000402e+002  7.9010373e+001  6.6398024e+001
  3.1200000e+003  4.9273680e+001  1.5000378e+002  7.9405694e+001  6.5398037e+001
  3.1400000e+003  4.8101723e+001  1.5000355e+002  7.9313014e+001  6.4398049e+001
  3.1600000e+003  4.6930739e+001  1.5000333e+002  7.8714071e+001  6.3398060e+001
  3.1800000e+003  4.5760666e+001  1.5000311e+002  7.7622676e+001  6.2398071e+001
  3.2000000e+003  4.4591443e+001  1.5000289e+002  7.6083845e+001  6.1398081e+001
  3.2200000e+003  4.3423013e+001  1.5000268e+002  7.4170965e+001  6.0398090e+001
  3.2400000e+003  4.2255316e+001  1.5000248e+002  7.1981180e+001  5.9398099e+001
  3.2600000e+003  4.1088297e+001  1.5000227e+002  6.9629287e+001  5.8398107e+001
  3.2800000e+003  3.9963754e+001  1.5000207e+002  6.7240517e+001  5.7398114e+001
  3.3000000e+003  3.9796069e+001  1.5000188e+002  6.4942666e+001  5.6398121e+001
  3.3200000e+003  3.9630753e+001  1.5000169e+002  6.2858061e+001  5.5398127e+001
  3.3400000e+003  3.9465898e+001  1.5000150e+002  6.1095869e+001  5.4398132e+001
  3.3600000e+003  3.9344245e+001  1.5309437e+002  6.0151433e+001  5.3354781e+001
  3.3800000e+003  3.9340352e+001  1.5635176e+002  6.0124750e+001  5.2191841e+001
  3.4000000e+003  3.9358986e+001  1.4260712e+002  6.0138224e+001  5.1011113e+001
  3.4200000e+003  3.9340552e+001  1.4982612e+002  6.0147529e+001  4.9866312e+001
  3.4400000e+003  3.9246831e+001  1.4816013e+002  6.0170391e+001  4.8797130e+001
  3.4600000e+003  3.9092290e+001  1.4796928e+002  6.0646705e+001  4.7789610e+001
  3.4800000e+003  3.8924606e+001  1.5004857e+002  6.1770085e+001  4.6793584e+001
  3.5000000e+003  3.8761574e+001  1.5000006e+002  6.3336345e+001  4.5793605e+001
  3.5200000e+003  3.8598572e+001  1.4999986e+002  6.5042494e+001  4.4793605e+001
  3.5400000e+003  3.8435527e+001  1.4999968e+002  6.6738262e+001  4.3793604e+001
  3.5600000e+003  3.8272390e+001  1.4999950e+002  6.8290839e+001  4.2793603e+001
  3.5800000e+003  3.8109109e+001  1.4999932e+002  6.9581476e+001  4.1793601e+001
  3.6000000e+003  3.7945637e+001  1.4999914e+002  7.0509547e+001  4.0793598e+001
  3.6200000e+003  3.7781921e+001  1.4999895e+002  7.0997850e+001  3.9793595e+001
  3.6400000e+003  3.7617912e+001  1.4999877e+002  7.0997151e+001  3.8793591e+001
  3.6600000e+003  3.7453560e+001  1.4999858e+002  7.0489182e+001  3.7793587e+001
  3.6800000e+003  3.7288811e+001  1.4999839e+002  6.9487760e+001  3.6793582e+001
  3.7000000e+003  3.7123615e+001  1.4999820e+002  6.8037912e+001  3.5793576e+001
  3.7200000e+003  3.6957919e+001  1.4999801e+002  6.6213035e+001  3.4793570e+001
  3.7400000e+003  3.6791669e+001  1.4999781e+002  6.4110287e+001  3.3793563e+001
  3.7600000e+003  3.6624810e+001  1.4999761e+002  6.1844474e+001  3.2793555e+001
  3.7800000e+003  3.6491984e+001  1.5390135e+002  6.0119887e+001  3.1758280e+001
  3.8000000e+003  3.6534959e+001  1.6255855e+002  6.0040377e+001  3.0542399e+001
  3.8200000e+003  3.6697904e+001  1.4886290e+002  5.9977315e+001  2.9211529e+001
  3.8400000e+003  3.6945842e+001  1.5012643e+002  5.9888694e+001  2.7793660e+001
  3.8600000e+003  3.7253612e+001  1.5006122e+002  5.9816969e+001  2.6315074e+001
  3.8800000e+003  3.7592358e+001  1.5000645e+002  5.9790347e+001  2.4804589e+001
  3.9000000e+003  3.7932659e+001  1.4995260e+002  5.9823347e+001  2.3291557e+001
  3.9200000e+003  3.8245388e+001  1.4989792e+002  5.9900157e+001  2.1805043e+001
  3.9400000e+003  3.8503795e+001  1.4984466e+002  5.9987986e+001  2.0371733e+001
  3.9600000e+003  3.8686078e+001  1.4979694e+002  6.0063151e+001  1.9013355e+001
  3.9800000e+003  3.8776901e+001  1.4975982e+002  6.0118250e+001  1.7745174e+001
  4.0000000e+003  3.8767896e+001  1.4973864e+002  6.0155017e+001  1.6575476e+001
  4.0200000e+003  3.8658346e+001  1.4781075e+002  6.0179269e+001  1.5505390e+001
  4.0400000e+003  3.8487133e+001  1.4754778e+002  6.0746142e+001  1.4496272e+001
  4.0600000e+003  3.8298468e+001  1.5001185e+002  6.1846620e+001  1.3500720e+001
  4.0800000e+003  3.8113401e+001  1.4999361e+002  6.3099941e+001  1.2500707e+001
  4.1000000e+003  3.7926580e+001  1.4999328e+002  6.4066700e+001  1.1500685e+001
  4.1200000e+003  3.7737904e+001  1.4999293e+002  6.4615854e+001  1.0500662e+001
  4.1400000e+003  3.7547282e+001  1.4999258e+002  6.4682105e+001  9.5006379e+000
  4.1600000e+003  3.7354616e+001  1.4999221e+002  6.4242375e+001  8.5006125e+000
  4.1800000e+003  3.7159805e+001  1.4999182e+002  6.3309046e+001  7.5005859e+000
  4.2000000e+003  3.6962743e+001  1.4999142e+002  6.1926717e+001  6.5005580e+000
  4.2200000e+003  3.6763458e+001  1.5044185e+002  6.0172148e+001  5.5003911e+000
  4.2400000e+003  3.6684499e+001  1.5290485e+002  6.0116427e+001  4.3767287e+000
  4.2600000e+003  3.6701511e+001  1.6003888e+002  6.0048041e+001  3.1507702e+000
  4.2800000e+003  3.6824578e+001  1.5079837e+002  5.9983919e+001  1.8232300e+000
  4.3000000e+003  3.7033134e+001  1.5014526e+002  5.9880976e+001  4.0444883e-001
  4.3200000e+003  3.7317550e+001  1.5011364e+002  5.9753723e+001  0.0000000e+000
  4.3400000e+003  3.7660910e+001  1.5007273e+002  5.9618489e+001  0.0000000e+000
  4.3600000e+003  3.8043995e+001  1.5003511e+002  5.9511150e+001  0.0000000e+000
  4.3800000e+003  3.8446290e+001  1.4999873e+002  5.9477299e+001  0.0000000e+000
  4.4000000e+003  3.8846237e+001  1.4996053e+002  5.9541882e+001  0.0000000e+000
  4.4200000e+003  3.9221457e+001  1.4991965e+002  5.9681612e+001  0.0000000e+000
  4.4400000e+003  3.9550414e+001  1.4987904e+002  5.9840559e+001  0.0000000e+000
  4.4600000e+003  3.9815117e+001  1.4984237e+002  5.9976254e+001  0.0000000e+000
  4.4800000e+003  4.0002735e+001  1.4981293e+002  6.0075969e+001  0.0000000e+000
  4.5000000e+003  4.0105919e+001  1.4979434e+002  6.0143451e+001  0.0000000e+000
  4.5200000e+003  4.0122805e+001  1.4978985e+002  6.0186563e+001  0.0000000e+000
  4.5400000e+003  4.0057054e+001  1.4909044e+002  6.0213118e+001  0.0000000e+000
  4.5600000e+003  3.9918316e+001  1.4753244e+002  6.0228140e+001  0.0000000e+000
  4.5800000e+003  3.9717342e+001  1.5253291e+002  6.0228302e+001  0.0000000e+000
  4.6000000e+003  3.9470855e+001  1.4989747e+002  6.0229415e+001  0.0000000e+000
  4.6200000e+003  3.9198496e+001  1.4997152e+002  6.0222637e+001  0.0000000e+000
  4.6400000e+003  3.8920249e+001  1.5004637e+002  6.0211104e+001  0.0000000e+000
  4.6600000e+003  3.8656123e+001  1.5011588e+002  6.0194658e+001  0.0000000e+000
  4.6800000e+003  3.8424746e+001  1.5017491e+002  6.0172445e+001  0.0000000e+000
  4.7000000e+003  3.8242179e+001  1.5021919e+002  6.0142758e+001  0.0000000e+000
  4.7200000e+003  3.8120885e+001  1.5024574e+002  6.0102749e+001  0.0000000e+000
  4.7400000e+003  3.8067423e+001  1.5376308e+002  6.0042473e+001  0.0000000e+000
  4.7600000e+003  3.8080572e+001  1.5879183e+002  5.9955180e+001  0.0000000e+000
  4.7800000e+003  3.8179109e+001  1.5043987e+002  5.9869473e+001  0.0000000e+000
  4.8000000e+003  3.8334114e+001  1.5011400e+002  5.9731939e+001  0.0000000e+000
  4.8200000e+003  3.8541919e+001  1.5008231e+002  5.9563826e+001  0.0000000e+000
  4.8400000e+003  3.8788439e+001  1.5004777e+002  5.9386659e+001  0.0000000e+000
  4.8600000e+003  3.9057675e+001  1.5001342e+002  5.9247055e+001  0.0000000e+000
  4.8800000e+003  3.9332465e+001  1.4997764e+002  5.9204264e+001  0.0000000e+000
  4.9000000e+003  3.9594505e+001  1.4993771e+002  5.9293734e+001  0.0000000e+000
  4.9200000e+003  3.9824232e+001  1.4989336e+002  5.9489103e+001  0.0000000e+000
  4.9400000e+003  4.0002093e+001  1.4984938e+002  5.9714217e+001  0.0000000e+000
  4.9600000e+003  4.0111360e+001  1.4981087e+002  5.9906814e+001  0.0000000e+000
  4.9800000e+003  4.0139961e+001  1.4978056e+002  6.0048145e+001  0.0000000e+000
  5.0000000e+003  4.0080929e+001  1.4910208e+002  6.0145277e+001  0.0000000e+000
  5.0200000e+003  3.9934468e+001  1.4707220e+002  6.0210268e+001  6.2810457e-001
  5.0400000e+003  3.9699294e+001  1.5050031e+002  6.0241873e+001  1.3249271e+000
  5.0600000e+003  3.9380477e+001  1.4973024e+002  6.0264049e+001  2.0827002e+000
  5.0800000e+003  3.8991494e+001  1.4978110e+002  6.0272968e+001  2.8904181e+000
  5.1000000e+003  3.8546484e+001  1.4984409e+002  6.0273029e+001  3.7337011e+000
  5.1200000e+003  3.8062372e+001  1.4991480e+002  6.0265991e+001  4.5959707e+000
  5.1400000e+003  3.7557723e+001  1.4998868e+002  6.0252612e+001  5.4594714e+000
  5.1600000e+003  3.7051691e+001  1.5006106e+002  6.0232784e+001  6.3063971e+000
  5.1800000e+003  3.6562950e+001  1.5012742e+002  6.0205505e+001  7.1200178e+000
  5.2000000e+003  3.6108657e+001  1.5018369e+002  6.0168693e+001  7.8857365e+000
  5.2200000e+003  3.5703496e+001  1.5022646e+002  6.0118861e+001  8.5920121e+000
  5.2400000e+003  3.5358854e+001  1.5025328e+002  6.0050700e+001  9.2310892e+000
  5.2600000e+003  3.5082188e+001  1.5026294e+002  5.9956862e+001  9.7994825e+000
  5.2800000e+003  3.4876641e+001  1.5025583e+002  5.9828779e+001  1.0298158e+001
  5.3000000e+003  3.4741020e+001  1.5023418e+002  5.9660222e+001  1.0732347e+001
  5.3200000e+003  3.4669242e+001  1.5180183e+002  5.9449172e+001  1.1111126e+001
  5.3400000e+003  3.4646383e+001  1.5524348e+002  5.9209898e+001  1.1446585e+001
  5.3600000e+003  3.4690274e+001  1.4744944e+002  5.9147483e+001  1.1747089e+001
  5.3800000e+003  3.4754666e+001  1.5005099e+002  5.9019895e+001  1.2035992e+001
  5.4000000e+003  3.4840804e+001  1.5001352e+002  5.9124236e+001  1.2321629e+001
  5.4200000e+003  3.4931560e+001  1.4997399e+002  5.9364145e+001  1.2622510e+001
  5.4400000e+003  3.5010214e+001  1.4993778e+002  5.9645678e+001  1.2955861e+001
  5.4600000e+003  3.5062027e+001  1.4990989e+002  5.9887420e+001  1.3336511e+001
  5.4800000e+003  3.5076364e+001  1.4989089e+002  6.0064167e+001  1.3774875e+001
  5.5000000e+003  3.5046873e+001  1.4988127e+002  6.0183488e+001  1.4276846e+001
  5.5200000e+003  3.4971659e+001  1.4927567e+002  6.0261351e+001  1.4844002e+001
  5.5400000e+003  3.4853661e+001  1.4834245e+002  6.0309417e+001  1.5473813e+001
  5.5600000e+003  3.4695776e+001  1.5608262e+002  6.0318082e+001  1.6160358e+001
  5.5800000e+003  3.4507216e+001  1.4993300e+002  6.0343554e+001  1.6892348e+001
  5.6000000e+003  3.4301826e+001  1.4998260e+002  6.0343746e+001  1.7658027e+001
  5.6200000e+003  3.4093106e+001  1.5003860e+002  6.0335279e+001  1.8442067e+001
  5.6400000e+003  3.3896345e+001  1.5009500e+002  6.0319151e+001  1.9228361e+001
  5.6600000e+003  3.3726979e+001  1.5014745e+002  6.0295310e+001  2.0000690e+001
  5.6800000e+003  3.3599561e+001  1.5019185e+002  6.0262637e+001  2.0743754e+001
  5.7000000e+003  3.3526356e+001  1.5187555e+002  6.0216093e+001  2.1444223e+001
  5.7200000e+003  3.3513015e+001  1.5674063e+002  6.0146949e+001  2.2091689e+001
  5.7400000e+003  3.3580634e+001  1.5110868e+002  6.0082830e+001  2.2677625e+001
  5.7600000e+003  3.3717928e+001  1.5014558e+002  5.9969552e+001  2.3200299e+001
  5.7800000e+003  3.3927873e+001  1.5013901e+002  5.9820518e+001  2.3659744e+001
  5.8000000e+003  3.4205342e+001  1.5011372e+002  5.9625747e+001  2.4060692e+001
  5.8200000e+003  3.4541848e+001  1.5008716e+002  5.9390699e+001  2.4411135e+001
  5.8400000e+003  3.4926509e+001  1.5006164e+002  5.9145470e+001  2.4721487e+001
  5.8600000e+003  3.5347006e+001  1.5003791e+002  5.8951350e+001  2.5003631e+001
  5.8800000e+003  3.5790133e+001  1.5001492e+002  5.8886569e+001  2.5270359e+001
  5.9000000e+003  3.6241662e+001  1.4999052e+002  5.9003794e+001  2.5535518e+001
  5.9200000e+003  3.6685886e+001  1.4996358e+002  5.9278181e+001  2.5814458e+001
  5.9400000e+003  3.7106303e+001  1.4993690e+002  5.9605908e+001  2.6123345e+001
  5.9600000e+003  3.7488397e+001  1.4991446e+002  5.9888630e+001  2.6476377e+001
  5.9800000e+003  3.7821951e+001  1.4989733e+002  6.0094669e+001  2.6883473e+001
  6.0000000e+003  3.8101118e+001  1.4988660e+002  6.0233120e+001  2.7350193e+001
  6.0200000e+003  3.8321345e+001  1.4987976e+002  6.0326292e+001  2.7880831e+001
  6.0400000e+003  3.8485688e+001  1.4988601e+002  6.0380139e+001  2.8472069e+001
  6.0600000e+003  3.8599703e+001  1.4990170e+002  6.0409728e+001  2.9118115e+001
  6.0800000e+003  3.8672231e+001  1.4992653e+002  6.0422305e+001  2.9809902e+001
  6.1000000e+003  3.8714958e+001  1.4995860e+002  6.0422455e+001  3.0535534e+001
  6.1200000e+003  3.8741676e+001  1.4999507e+002  6.0412869e+001  3.1281018e+001
  6.1400000e+003  3.8767416e+001  1.5003250e+002  6.0394841e+001  3.2031141e+001
  6.1600000e+003  3.8807477e+001  1.5006733e+002  6.0368495e+001  3.2770428e+001
  6.1800000e+003  3.8876449e+001  1.5009625e+002  6.0332816e+001  3.3484130e+001
  6.2000000e+003  3.8987255e+001  1.5011667e+002  6.0285475e+001  3.4159172e+001
  6.2200000e+003  3.9150304e+001  1.5012708e+002  6.0222497e+001  3.4785003e+001
  6.2400000e+003  3.9372792e+001  1.5012727e+002  6.0137859e+001  3.5354294e+001
  6.2600000e+003  3.9658209e+001  1.5011837e+002  6.0023374e+001  3.5863425e+001
  6.2800000e+003  4.0006119e+001  1.5010264e+002  5.9869848e+001  3.6312711e+001
  6.3000000e+003  4.0412276e+001  1.5008297e+002  5.9671328e+001  3.6706277e+001
  6.3200000e+003  4.0869138e+001  1.5006221e+002  5.9434243e+001  3.7051549e+001
  6.3400000e+003  4.1366715e+001  1.5004227e+002  5.9189658e+001  3.7358407e+001
  6.3600000e+003  4.1893469e+001  1.5002363e+002  5.8999257e+001  3.7638280e+001
  6.3800000e+003  4.2436830e+001  1.5000525e+002  5.8940555e+001  3.7903634e+001
  6.4000000e+003  4.2983049e+001  1.4998505e+002  5.9064284e+001  3.8168121e+001
  6.4200000e+003  4.3516755e+001  1.4996173e+002  5.9343130e+001  3.8447017e+001
  6.4400000e+003  4.4021666e+001  1.4993743e+002  5.9672043e+001  3.8756516e+001
  6.4600000e+003  4.4483389e+001  1.4991566e+002  5.9953597e+001  3.9110923e+001
  6.4800000e+003  4.4891716e+001  1.4989783e+002  6.0157460e+001  3.9520359e+001
  6.5000000e+003  4.5240719e+001  1.4988547e+002  6.0293425e+001  3.9990668e+001
  6.5200000e+003  4.5528438e+001  1.4988063e+002  6.0379401e+001  4.0523727e+001
  6.5400000e+003  4.5756783e+001  1.4988499e+002  6.0430586e+001  4.1117546e+001
  6.5600000e+003  4.5931392e+001  1.4989921e+002  6.0457810e+001  4.1766409e+001
  6.5800000e+003  4.6061294e+001  1.4992266e+002  6.0468253e+001  4.2461209e+001
  6.6000000e+003  4.6158365e+001  1.4995352e+002  6.0466455e+001  4.3189996e+001
  6.6200000e+003  4.6236590e+001  1.4998896e+002  6.0455080e+001  4.3938715e+001
  6.6400000e+003  4.6311185e+001  1.5002556e+002  6.0435409e+001  4.4692084e+001
  6.6600000e+003  4.6397630e+001  1.5005971e+002  6.0407561e+001  4.5434560e+001
  6.6800000e+003  4.6510680e+001  1.5008812e+002  6.0370524e+001  4.6151329e+001
  6.7000000e+003  4.6663412e+001  1.5010821e+002  6.0321986e+001  4.6829257e+001
  6.7200000e+003  4.6866370e+001  1.5011849e+002  6.0257999e+001  4.7457748e+001
  6.7400000e+003  4.7126863e+001  1.5011878e+002  6.0172581e+001  4.8029437e+001
  6.7600000e+003  4.7448476e+001  1.5011025e+002  6.0057597e+001  4.8540693e+001
  6.7800000e+003  4.7830843e+001  1.5009516e+002  5.9903906e+001  4.8991826e+001
  6.8000000e+003  4.8269769e+001  1.5007639e+002  5.9705575e+001  4.9386983e+001
  6.8200000e+003  4.8757738e+001  1.5005667e+002  5.9468966e+001  4.9733624e+001
  6.8400000e+003  4.9284772e+001  1.5003783e+002  5.9224943e+001  5.0041677e+001
  6.8600000e+003  4.9839328e+001  1.5002026e+002  5.9034834e+001  5.0322630e+001
  6.8800000e+003  5.0408823e+001  1.5000287e+002  5.8975687e+001  5.0589014e+001
  6.9000000e+003  5.0979483e+001  1.4998359e+002  5.9097769e+001  5.0854552e+001
  6.9200000e+003  5.1535913e+001  1.4996104e+002  5.9373635e+001  5.1134591e+001
  6.9400000e+003  5.2061818e+001  1.4993718e+002  5.9698879e+001  5.1445377e+001
  6.9600000e+003  5.2542808e+001  1.4991543e+002  5.9977086e+001  5.1801248e+001
  6.9800000e+003  5.2968681e+001  1.4989730e+002  6.0178321e+001  5.2212357e+001
  7.0000000e+003  5.3333520e+001  1.4988446e+002  6.0312287e+001  5.2684567e+001
  7.0200000e+003  5.3635386e+001  1.4987909e+002  6.0396722e+001  5.3219765e+001
  7.0400000e+003  5.3876227e+001  1.4988293e+002  6.0446688e+001  5.3815949e+001
  7.0600000e+003  5.4061729e+001  1.4989671e+002  6.0472919e+001  5.4467379e+001
  7.0800000e+003  5.4200981e+001  1.4991985e+002  6.0482535e+001  5.5164909e+001
  7.1000000e+003  5.4305929e+001  1.4995052e+002  6.0480036e+001  5.5896540e+001
  7.1200000e+003  5.4390631e+001  1.4998590e+002  6.0468063e+001  5.6648160e+001
  7.1400000e+003  5.4470379e+001  1.5002253e+002  6.0447884e+001  5.7404425e+001
  7.1600000e+003  5.4560726e+001  1.5005681e+002  6.0419614e+001  5.8149731e+001
  7.1800000e+003  5.4676493e+001  1.5008542e+002  6.0382247e+001  5.8869208e+001
  7.2000000e+003  5.4830815e+001  1.5010576e+002  6.0333482e+001  5.9549672e+001
  7.2200000e+003  5.5034281e+001  1.5011632e+002  6.0269396e+001  6.0180487e+001
  7.2400000e+003  5.5294232e+001  1.5011690e+002  6.0184041e+001  6.0754264e+001
  7.2600000e+003  5.5614264e+001  1.5010866e+002  6.0069328e+001  6.1267357e+001
  7.2800000e+003  5.5994011e+001  1.5009382e+002  5.9916157e+001  6.1720084e+001
  7.3000000e+003  5.6429256e+001  1.5007522e+002  5.9718612e+001  6.2116605e+001
  7.3200000e+003  5.6912451e+001  1.5005557e+002  5.9482997e+001  6.2464414e+001
  7.3400000e+003  5.7433566e+001  1.5003669e+002  5.9240008e+001  6.2773482e+001
  7.3600000e+003  5.7981003e+001  1.5001895e+002  5.9050680e+001  6.3055348e+001
  7.3800000e+003  5.8542111e+001  1.5000123e+002  5.8991676e+001  6.3322601e+001
  7.4000000e+003  5.9103046e+001  1.4998142e+002  5.9112884e+001  6.3589022e+001
  7.4200000e+003  5.9648338e+001  1.4995815e+002  5.9386760e+001  6.3870018e+001
  7.4400000e+003  6.0161634e+001  1.4993349e+002  5.9709433e+001  6.4181880e+001
  7.4600000e+003  6.0628497e+001  1.4991097e+002  5.9985321e+001  6.4538975e+001
  7.4800000e+003  6.1038680e+001  1.4989219e+002  6.0184815e+001  6.4951477e+001
  7.5000000e+003  6.1386228e+001  1.4987887e+002  6.0317546e+001  6.5425268e+001
  7.5200000e+003  6.1669171e+001  1.4987321e+002  6.0401108e+001  6.5962240e+001
  7.5400000e+003  6.1889435e+001  1.4987700e+002  6.0450452e+001  6.6560383e+001
  7.5600000e+003  6.2052697e+001  1.4989093e+002  6.0476234e+001  6.7213934e+001
  7.5800000e+003  6.2168047e+001  1.4991442e+002  6.0485524e+001  6.7913716e+001
  7.6000000e+003  6.2247432e+001  1.4994562e+002  6.0482788e+001  6.8647687e+001
  7.6200000e+003  6.2304920e+001  1.4998167e+002  6.0470651e+001  6.9401688e+001
  7.6400000e+003  6.2355808e+001  1.5001911e+002  6.0450367e+001  7.0160325e+001
  7.6600000e+003  6.2415653e+001  1.5005430e+002  6.0422051e+001  7.0907946e+001
  7.6800000e+003  6.2499274e+001  1.5008389e+002  6.0384699e+001  7.1629631e+001
  7.7000000e+003  6.2619793e+001  1.5010523e+002  6.0336021e+001  7.2312160e+001
  7.7200000e+003  6.2787772e+001  1.5011676e+002  6.0272113e+001  7.2944863e+001
  7.7400000e+003  6.3010512e+001  1.5011817e+002  6.0187054e+001  7.3520333e+001
  7.7600000e+003  6.3291554e+001  1.5011049e+002  6.0072791e+001  7.4034913e+001
  7.7800000e+003  6.3630458e+001  1.5009586e+002  5.9920260e+001  7.4488926e+001
  7.8000000e+003  6.4022918e+001  1.5007702e+002  5.9723555e+001  7.4886547e+001
  7.8200000e+003  6.4461279e+001  1.5005668e+002  5.9488938e+001  7.5235296e+001
  7.8400000e+003  6.4935389e+001  1.5003666e+002  5.9246970e+001  7.5545179e+001
  7.8600000e+003  6.5433514e+001  1.5001739e+002  5.9058455e+001  7.5827776e+001
  7.8800000e+003  6.5942858e+001  1.4999770e+002  5.8999754e+001  7.6095722e+001
  7.9000000e+003  6.6449421e+001  1.4997538e+002  5.9120456e+001  7.6362849e+001
  7.9200000e+003  6.6937574e+001  1.4994914e+002  5.9392937e+001  7.6644607e+001
  7.9400000e+003  6.7390802e+001  1.4992156e+002  5.9713745e+001  7.6957326e+001
  7.9600000e+003  6.7794514e+001  1.4989666e+002  5.9987953e+001  7.7315393e+001
  7.9800000e+003  6.8138302e+001  1.4987613e+002  6.0186215e+001  7.7729003e+001
  8.0000000e+003  6.8416040e+001  1.4986169e+002  6.0318106e+001  7.8204051e+001
  8.0200000e+003  6.8625589e+001  1.4985552e+002  6.0401113e+001  7.8742432e+001
  8.0400000e+003  6.8768704e+001  1.4985935e+002  6.0450096e+001  7.9342128e+001
  8.0600000e+003  6.8850883e+001  1.4987382e+002  6.0475649e+001  7.9997360e+001
  8.0800000e+003  6.8881035e+001  1.4989827e+002  6.0484803e+001  7.9728924e+001
  8.1000000e+003  6.8870917e+001  1.4993078e+002  6.0481999e+001  7.9464746e+001
  8.1200000e+003  6.8834391e+001  1.4996846e+002  6.0469845e+001  7.9220629e+001
  8.1400000e+003  6.8786537e+001  1.5000780e+002  6.0449589e+001  7.8981139e+001
  8.1600000e+003  6.8742676e+001  1.5004515e+002  6.0421341e+001  7.8730584e+001
  8.1800000e+003  6.8717364e+001  1.5007709e+002  6.0384100e+001  7.8454010e+001
  8.2000000e+003  6.8723436e+001  1.5010088e+002  6.0335586e+001  7.8138162e+001
  8.2200000e+003  6.8771138e+001  1.5011475e+002  6.0271908e+001  7.7772350e+001
  8.2400000e+003  6.8867422e+001  1.5011815e+002  6.0187168e+001  7.7349150e+001
  8.2600000e+003  6.9015441e+001  1.5011173e+002  6.0073340e+001  7.6864898e+001
  8.2800000e+003  6.9214331e+001  1.5009724e+002  5.9921388e+001  7.6319918e+001
  8.3000000e+003  6.9459322e+001  1.5007713e+002  5.9725420e+001  7.5718401e+001
  8.3200000e+003  6.9742255e+001  1.5005397e+002  5.9491667e+001  7.5067884e+001
  8.3400000e+003  7.0052435e+001  1.5002967e+002  5.9250590e+001  7.4378403e+001
  8.3600000e+003  7.0377547e+001  1.5000472e+002  5.9062818e+001  7.3661570e+001
  8.3800000e+003  7.0704183e+001  1.4997783e+002  5.9004470e+001  7.2930055e+001
  8.4000000e+003  7.1017701e+001  1.4994648e+002  5.9124899e+001  7.2197728e+001
  8.4200000e+003  7.1301815e+001  1.4990968e+002  5.9396398e+001  7.1480078e+001
  8.4400000e+003  7.1539344e+001  1.4987175e+002  5.9715819e+001  7.0793461e+001
  8.4600000e+003  7.1715038e+001  1.4983843e+002  5.9988748e+001  7.0152285e+001
  8.4800000e+003  7.1817843e+001  1.4981177e+002  6.0186065e+001  6.9566756e+001
  8.5000000e+003  7.1841029e+001  1.4979346e+002  6.0317318e+001  6.9042781e+001
  8.5200000e+003  7.1782131e+001  1.4920539e+002  6.0401171e+001  6.8582221e+001
  8.5400000e+003  7.1644885e+001  1.4743855e+002  6.0453109e+001  6.8182987e+001
  8.5600000e+003  7.1430697e+001  1.5177612e+002  6.0469626e+001  6.7839715e+001
  8.5800000e+003  7.1147976e+001  1.4979074e+002  6.0483011e+001  6.7542564e+001
  8.6000000e+003  7.0810776e+001  1.4984291e+002  6.0480166e+001  6.7279826e+001
  8.6200000e+003  7.0433348e+001  1.4990346e+002  6.0468015e+001  6.7037172e+001
  8.6400000e+003  7.0031920e+001  1.4996801e+002  6.0447795e+001  6.6799139e+001
  8.6600000e+003  6.9623515e+001  1.5003248e+002  6.0419612e+001  6.6550003e+001
  8.6800000e+003  6.9225000e+001  1.5009281e+002  6.0382463e+001  6.6274783e+001
  8.7000000e+003  6.8852157e+001  1.5014520e+002  6.0334070e+001  6.5960200e+001
  8.7200000e+003  6.8518784e+001  1.5018639e+002  6.0270548e+001  6.5595544e+001
  8.7400000e+003  6.8235907e+001  1.5021387e+002  6.0186009e+001  6.5173380e+001
  8.7600000e+003  6.8011136e+001  1.5022623e+002  6.0072445e+001  6.4690041e+001
  8.7800000e+003  6.7848247e+001  1.5022353e+002  5.9920841e+001  6.4145852e+001
  8.8000000e+003  6.7747088e+001  1.5020748e+002  5.9725322e+001  6.3545012e+001
  8.8200000e+003  6.7699929e+001  1.5345863e+002  5.9474055e+001  6.2895622e+001
  8.8400000e+003  6.7695931e+001  1.5655912e+002  5.9205908e+001  6.2207683e+001
  8.8600000e+003  6.7764657e+001  1.5002506e+002  5.9077419e+001  6.1489283e+001
  8.8800000e+003  6.7846736e+001  1.5004824e+002  5.9006482e+001  6.0758507e+001
  8.9000000e+003  6.7948680e+001  1.5001438e+002  5.9126301e+001  6.0026623e+001
  8.9200000e+003  6.8055715e+001  1.4997743e+002  5.9397139e+001  5.9309439e+001
  8.9400000e+003  6.8151996e+001  1.4994280e+002  5.9715654e+001  5.8623343e+001
  8.9600000e+003  6.8223228e+001  1.4991601e+002  5.9987774e+001  5.7982758e+001
  8.9800000e+003  6.8258997e+001  1.4989752e+002  6.0184528e+001  5.7397901e+001
  9.0000000e+003  6.8252949e+001  1.4988757e+002  6.0315432e+001  5.6874686e+001
  9.0200000e+003  6.8202574e+001  1.4984299e+002  6.0397868e+001  5.6415012e+001
  9.0400000e+003  6.8110050e+001  1.4894400e+002  6.0448265e+001  5.6016790e+001
  9.0600000e+003  6.7980820e+001  1.4817894e+002  6.0474622e+001  5.5674269e+001
  9.0800000e+003  6.7818612e+001  1.5022703e+002  6.0480352e+001  5.5378401e+001
  9.1000000e+003  6.7639102e+001  1.4997690e+002  6.0478066e+001  5.5116764e+001
  9.1200000e+003  6.7454649e+001  1.5003019e+002  6.0465985e+001  5.4875240e+001
  9.1400000e+003  6.7279870e+001  1.5008460e+002  6.0445855e+001  5.4638329e+001
  9.1600000e+003  6.7129722e+001  1.5013579e+002  6.0417782e+001  5.4390286e+001
  9.1800000e+003  6.7018463e+001  1.5017973e+002  6.0380767e+001  5.4116106e+001
  9.2000000e+003  6.6957660e+001  1.5270641e+002  6.0328297e+001  5.3802626e+001
  9.2200000e+003  6.6953296e+001  1.5731942e+002  6.0254955e+001  5.3439287e+001
  9.2400000e+003  6.7030054e+001  1.5072153e+002  6.0185328e+001  5.3017340e+001
  9.2600000e+003  6.7171688e+001  1.5014906e+002  6.0071931e+001  5.2534695e+001
  9.2800000e+003  6.7383855e+001  1.5013522e+002  5.9920832e+001  5.1991098e+001
  9.3000000e+003  6.7661834e+001  1.5011124e+002  5.9725914e+001  5.1390761e+001
  9.3200000e+003  6.7997558e+001  1.5008559e+002  5.9493358e+001  5.0741252e+001
  9.3400000e+003  6.8380486e+001  1.5006060e+002  5.9253482e+001  5.0052644e+001
  9.3600000e+003  6.8798518e+001  1.5003703e+002  5.9066667e+001  4.9336595e+001
  9.3800000e+003  6.9238523e+001  1.5001388e+002  5.9008720e+001  4.8605824e+001
  9.4000000e+003  6.9686195e+001  1.4998903e+002  5.9128694e+001  4.7874251e+001
  9.4200000e+003  7.0125637e+001  1.4996145e+002  5.9398830e+001  4.7157416e+001
  9.4400000e+003  7.0540117e+001  1.4993402e+002  5.9716457e+001  4.6471713e+001
  9.4600000e+003  7.0914886e+001  1.4991058e+002  5.9987833e+001  4.5831571e+001
  9.4800000e+003  7.1239414e+001  1.4989227e+002  6.0184075e+001  4.5247218e+001
  9.5000000e+003  7.1507497e+001  1.4988035e+002  6.0314652e+001  4.4724575e+001
  9.5200000e+003  7.1716964e+001  1.4987667e+002  6.0396846e+001  4.4265542e+001
  9.5400000e+003  7.1869591e+001  1.4988269e+002  6.0445357e+001  4.3868088e+001
  9.5600000e+003  7.1970951e+001  1.4989890e+002  6.0470670e+001  4.3526403e+001
  9.5800000e+003  7.2030068e+001  1.4992450e+002  6.0479742e+001  4.3231232e+001
  9.6000000e+003  7.2058865e+001  1.4995755e+002  6.0476968e+001  4.2970442e+001
  9.6200000e+003  7.2071407e+001  1.4999508e+002  6.0464931e+001  4.2729767e+001
  9.6400000e+003  7.2083016e+001  1.5003360e+002  6.0444863e+001  4.2493700e+001
  9.6600000e+003  7.2109281e+001  1.5006941e+002  6.0416871e+001  4.2246478e+001
  9.6800000e+003  7.2165060e+001  1.5009914e+002  6.0379961e+001  4.1973080e+001
  9.7000000e+003  7.2263512e+001  1.5012013e+002  6.0331867e+001  4.1660196e+001
  9.7200000e+003  7.2415231e+001  1.5013082e+002  6.0268725e+001  4.1297090e+001
  9.7400000e+003  7.2627535e+001  1.5013099e+002  6.0184675e+001  4.0876311e+001
  9.7600000e+003  7.2903968e+001  1.5012180e+002  6.0071742e+001  4.0394183e+001
  9.7800000e+003  7.3244078e+001  1.5010558e+002  5.9920935e+001  3.9851037e+001
  9.8000000e+003  7.3643533e+001  1.5008532e+002  5.9726372e+001  3.9251085e+001
  9.8200000e+003  7.4094639e+001  1.5006391e+002  5.9494216e+001  3.8601905e+001
  9.8400000e+003  7.4587198e+001  1.5004336e+002  5.9254731e+001  3.7913581e+001
  9.8600000e+003  7.5109428e+001  1.5002416e+002  5.9068218e+001  3.7197787e+001
  9.8800000e+003  7.5648491e+001  1.5000524e+002  5.9010378e+001  3.6467259e+001
  9.9000000e+003  7.6190350e+001  1.4998448e+002  5.9130167e+001  3.5735934e+001
  9.9200000e+003  7.6719357e+001  1.4996061e+002  5.9399817e+001  3.5019366e+001
  9.9400000e+003  7.7219017e+001  1.4993583e+002  5.9716821e+001  3.4333962e+001
  9.9600000e+003  7.7674802e+001  1.4991358e+002  5.9987663e+001  3.3694160e+001
  9.9800000e+003  7.8076393e+001  1.4989531e+002  6.0183533e+001  3.3110193e+001
  1.0000000e+004  7.8417779e+001  1.4988267e+002  6.0313872e+001  3.2587987e+001
   
